491.722136 0.000000 0.000000 0.000000 0.000000 0.000000 0.000000 1.000000
491.772136 0.110861 0.000840 0.001634 0.000013 0.000188 -0.001146 0.999999
491.822136 0.140794 -0.000098 0.000930 0.000088 0.000407 -0.002208 0.999997
491.872136 0.180266 -0.000239 0.002680 0.000072 0.000569 -0.003083 0.999995
491.922136 0.205741 0.000661 0.003606 0.000083 0.000737 -0.004159 0.999991
491.972136 0.230389 -0.000550 0.004248 0.000106 0.000872 -0.004843 0.999988
492.022136 0.252404 -0.001601 0.005143 0.000131 0.001008 -0.005743 0.999983
492.072136 0.262181 -0.000864 0.005508 0.000154 0.001118 -0.006188 0.999980
492.122136 0.272822 -0.000957 0.006585 0.000132 0.001210 -0.007117 0.999974
492.172136 0.285003 -0.005090 0.008048 0.000120 0.001285 -0.007523 0.999971
492.222136 0.293370 -0.005461 0.009461 0.000130 0.001349 -0.008532 0.999963
492.322136 0.302112 -0.007629 0.010389 0.000133 0.001435 -0.009747 0.999951
492.372136 0.294732 -0.009998 0.009889 0.000153 0.001449 -0.009763 0.999951
492.422136 0.302173 -0.009587 0.010581 0.000139 0.001442 -0.010682 0.999942
492.472136 0.300499 -0.010596 0.009924 0.000179 0.001433 -0.010643 0.999942
492.522136 0.306731 -0.014216 0.010521 0.000169 0.001427 -0.011352 0.999935
492.572136 0.305444 -0.014693 0.010245 0.000184 0.001419 -0.011298 0.999935
492.622136 0.306199 -0.017407 0.010254 0.000193 0.001404 -0.011945 0.999928
492.672136 0.305658 -0.018385 0.010075 0.000191 0.001378 -0.012503 0.999921
492.722136 0.312681 -0.018360 0.010002 0.000203 0.001368 -0.013161 0.999912
492.772136 0.301554 -0.018100 0.009387 0.000204 0.001346 -0.013529 0.999908
492.822136 0.306793 -0.020371 0.009976 0.000221 0.001327 -0.014025 0.999901
492.872136 0.303567 -0.018511 0.009877 0.000207 0.001312 -0.014814 0.999889
492.922136 0.307587 -0.020722 0.009822 0.000216 0.001283 -0.015719 0.999876
492.972136 0.303183 -0.020126 0.010346 0.000208 0.001273 -0.016384 0.999865
493.022136 0.303502 -0.020565 0.010463 0.000217 0.001244 -0.017292 0.999850
493.072136 0.291600 -0.024981 0.011232 0.000183 0.001223 -0.016936 0.999856
493.122136 0.281998 -0.023759 0.011186 0.000198 0.001187 -0.017832 0.999840
493.222136 0.266670 -0.025275 0.011869 0.000174 0.001102 -0.018616 0.999826
493.272136 0.234489 -0.023347 0.012964 0.000238 0.000939 -0.019536 0.999809
493.322136 0.207753 -0.015633 0.013374 0.000244 0.000801 -0.020838 0.999783
493.372136 0.177314 -0.013784 0.013488 0.000264 0.000660 -0.021620 0.999766
493.422136 0.157847 -0.007886 0.014044 0.000237 0.000575 -0.022469 0.999747
493.522136 0.134936 -0.002329 0.012904 0.000275 0.000455 -0.023822 0.999716
493.572136 0.121724 0.003841 0.012485 0.000293 0.000444 -0.024818 0.999692
493.622136 0.118866 0.011852 0.012329 0.000286 0.000454 -0.026735 0.999642
493.672136 0.119139 0.020349 0.012164 0.000294 0.000434 -0.027903 0.999610
493.722136 0.131790 0.021190 0.012924 0.000262 0.000454 -0.029259 0.999572
493.822136 0.175916 0.022125 0.012561 0.000246 0.000524 -0.031778 0.999495
493.872136 0.194774 0.028976 0.013173 0.000212 0.000611 -0.033464 0.999440
493.922136 0.231476 0.025049 0.012335 0.000230 0.000682 -0.034555 0.999403
493.972136 0.250759 0.023714 0.012518 0.000126 0.000818 -0.036083 0.999348
494.022136 0.281168 0.022137 0.013108 0.000171 0.000856 -0.037527 0.999295
494.072136 0.297500 0.023275 0.012976 0.000127 0.000921 -0.038945 0.999241
494.122136 0.305621 0.023275 0.013664 0.000142 0.000961 -0.040008 0.999199
494.172136 0.310347 0.021005 0.013242 0.000150 0.001006 -0.041528 0.999137
494.222136 0.313976 0.021671 0.013420 0.000148 0.001022 -0.042861 0.999081
494.322136 0.321278 0.019712 0.014090 0.000146 0.001038 -0.044174 0.999023
494.322136 0.326325 0.014805 0.014430 0.000157 0.001059 -0.045343 0.998971
494.422136 0.327987 0.010727 0.015045 0.000160 0.001063 -0.047641 0.998864
494.472136 0.322315 0.003497 0.016134 0.000142 0.001085 -0.048703 0.998813
494.522136 0.317903 0.004372 0.016370 0.000151 0.001058 -0.050382 0.998729
494.672136 0.309045 0.002451 0.017148 0.000116 0.001069 -0.052786 0.998605
494.672136 0.297663 0.006768 0.017170 0.000109 0.001042 -0.054479 0.998514
494.722136 0.292425 0.002133 0.017256 0.000095 0.001042 -0.054819 0.998496
494.772136 0.279391 0.004270 0.017081 0.000113 0.001008 -0.056625 0.998395
494.822136 0.278493 0.000594 0.018133 0.000080 0.001008 -0.057870 0.998324
494.922136 0.266655 0.004484 0.017427 0.000074 0.000969 -0.060377 0.998175
494.972136 0.249110 0.013209 0.017455 0.000074 0.000945 -0.061542 0.998104
495.022136 0.247839 0.012835 0.017517 0.000073 0.000932 -0.062608 0.998038
495.122136 0.239739 0.018804 0.016823 0.000050 0.000901 -0.064598 0.997911
495.172136 0.232383 0.022482 0.016274 0.000057 0.000905 -0.065829 0.997831
495.222136 0.230496 0.023000 0.016113 0.000044 0.000907 -0.066395 0.997793
495.322136 0.194875 0.033131 0.016740 0.000042 0.000845 -0.067908 0.997691
495.372136 0.168863 0.037281 0.016194 0.000045 0.000782 -0.068137 0.997676
495.422136 0.149877 0.047369 0.015731 0.000041 0.000744 -0.069014 0.997615
495.472136 0.138368 0.055600 0.015406 0.000034 0.000731 -0.069599 0.997575
495.522136 0.120566 0.064629 0.014769 0.000040 0.000706 -0.070324 0.997524
495.572136 0.129786 0.068598 0.014347 0.000045 0.000715 -0.070624 0.997503
495.622136 0.125140 0.076587 0.014481 0.000005 0.000720 -0.070796 0.997491
495.722136 0.125411 0.082610 0.013544 0.000030 0.000735 -0.071168 0.997464
495.772136 0.119155 0.085694 0.012656 0.000026 0.000734 -0.070993 0.997477
495.822136 0.087126 0.094899 0.012393 0.000014 0.000722 -0.070669 0.997500
495.872136 0.115097 0.090641 0.012771 0.000014 0.000736 -0.070497 0.997512
495.922136 0.148236 0.092609 0.012671 0.000005 0.000743 -0.070793 0.997491
496.072136 0.222084 0.082532 0.011492 0.000006 0.000828 -0.070023 0.997545
496.072136 0.247996 0.082875 0.012192 0.000002 0.000878 -0.070123 0.997538
496.172136 0.277875 0.076735 0.011319 0.000021 0.000946 -0.069828 0.997559
496.222136 0.281291 0.077575 0.011395 0.000027 0.000964 -0.069524 0.997580
496.272136 0.296666 0.071855 0.011555 0.000033 0.000982 -0.069445 0.997585
496.372136 0.311021 0.067132 0.011360 0.000056 0.000997 -0.069287 0.997596
496.422136 0.311784 0.069672 0.011814 0.000043 0.000995 -0.069337 0.997593
496.472136 0.312070 0.066746 0.012045 0.000046 0.001008 -0.069085 0.997610
496.522136 0.321075 0.068911 0.012464 0.000042 0.000991 -0.068863 0.997626
496.622136 0.312831 0.066812 0.012412 0.000032 0.000995 -0.068659 0.997640
496.672136 0.300531 0.064803 0.012450 0.000048 0.000978 -0.068494 0.997651
496.722136 0.290675 0.065088 0.011845 0.000064 0.000969 -0.068364 0.997660
496.772136 0.279945 0.070354 0.011485 0.000067 0.000955 -0.068341 0.997662
496.822136 0.274539 0.068209 0.012087 0.000039 0.000949 -0.068200 0.997671
496.872136 0.263425 0.069653 0.012514 0.000045 0.000940 -0.068319 0.997663
496.972136 0.241047 0.074163 0.012863 0.000030 0.000891 -0.068070 0.997680
497.022136 0.220414 0.077877 0.012635 0.000024 0.000863 -0.067904 0.997691
497.072136 0.208664 0.076485 0.012459 0.000036 0.000858 -0.067812 0.997698
497.172136 0.206393 0.076167 0.013075 0.000028 0.000841 -0.067548 0.997716
497.222136 0.193904 0.082503 0.012620 0.000023 0.000836 -0.067309 0.997732
497.272136 0.188051 0.080583 0.012508 0.000031 0.000836 -0.067458 0.997722
497.322136 0.180695 0.083737 0.012780 0.000028 0.000825 -0.067257 0.997735
497.372136 0.166353 0.086782 0.012560 0.000026 0.000803 -0.067008 0.997752
497.422136 0.158118 0.088020 0.012585 0.000033 0.000784 -0.066832 0.997764
497.522136 0.142516 0.096427 0.013054 0.000005 0.000765 -0.067129 0.997744
497.572136 0.125069 0.094575 0.012353 0.000030 0.000746 -0.066732 0.997771
497.622136 0.124388 0.096641 0.012392 0.000027 0.000742 -0.066687 0.997774
497.722136 0.122534 0.097105 0.012517 0.000028 0.000737 -0.066339 0.997797
497.772136 0.117102 0.098346 0.012053 0.000026 0.000745 -0.066417 0.997792
497.822136 0.093043 0.101908 0.012201 0.000025 0.000723 -0.066300 0.997799
497.922136 0.114395 0.104116 0.012281 0.000021 0.000731 -0.065959 0.997822
497.972136 0.150562 0.101665 0.012150 0.000006 0.000764 -0.065705 0.997839
498.022136 0.190813 0.094080 0.012076 0.000019 0.000808 -0.065528 0.997850
498.072136 0.220698 0.094166 0.012047 0.000031 0.000843 -0.065504 0.997852
498.172136 0.264061 0.084397 0.012187 0.000053 0.000914 -0.065543 0.997849
498.222136 0.269854 0.082854 0.012435 0.000044 0.000924 -0.064957 0.997888
498.272136 0.275837 0.082914 0.012115 0.000054 0.000927 -0.065131 0.997876
498.322136 0.283760 0.082316 0.012946 0.000038 0.000931 -0.065092 0.997879
498.422136 0.265415 0.083018 0.012805 0.000046 0.000906 -0.064940 0.997889
498.472136 0.253281 0.086639 0.012890 0.000034 0.000903 -0.064950 0.997888
498.522136 0.243668 0.087588 0.012824 0.000033 0.000885 -0.065192 0.997872
498.572136 0.234516 0.089986 0.012986 0.000022 0.000881 -0.065138 0.997876
498.672136 0.226780 0.091257 0.013605 0.000019 0.000866 -0.065130 0.997876
498.722136 0.210339 0.092670 0.013712 0.000016 0.000851 -0.065150 0.997875
498.772136 0.204440 0.095223 0.013533 0.000017 0.000853 -0.065247 0.997869
498.872136 0.200044 0.098175 0.013717 0.000008 0.000838 -0.065240 0.997869
498.922136 0.192644 0.097915 0.013675 0.000006 0.000839 -0.065349 0.997862
499.022136 0.184439 0.100805 0.013833 0.000006 0.000846 -0.065274 0.997867
499.072136 0.184536 0.102324 0.013097 0.000019 0.000826 -0.065649 0.997842
499.122136 0.189938 0.103155 0.013804 0.000011 0.000829 -0.065714 0.997838
499.222136 0.191325 0.102396 0.013506 0.000024 0.000831 -0.065747 0.997836
499.272136 0.189205 0.103547 0.013877 0.000020 0.000827 -0.065607 0.997845
499.322136 0.184791 0.105498 0.012919 0.000023 0.000827 -0.065656 0.997842
499.372136 0.173036 0.107445 0.013478 0.000016 0.000807 -0.065704 0.997839
499.472136 0.153101 0.111321 0.013436 0.000025 0.000776 -0.065738 0.997837
499.522136 0.140461 0.111945 0.013695 0.000008 0.000767 -0.065763 0.997835
499.572136 0.130841 0.114348 0.013534 0.000016 0.000774 -0.065946 0.997823
499.672136 0.122468 0.117360 0.013128 0.000021 0.000761 -0.065645 0.997843
499.722136 0.117950 0.118845 0.013658 0.000014 0.000763 -0.065573 0.997847
499.822136 0.114513 0.121374 0.013527 0.000015 0.000745 -0.065885 0.997827
499.872136 0.071878 0.127011 0.014412 0.000002 0.000699 -0.065538 0.997850
499.922136 0.069078 0.127204 0.013912 0.000004 0.000701 -0.065524 0.997851
499.972136 0.093667 0.125595 0.014051 0.000009 0.000719 -0.065761 0.997835
500.072136 0.184470 0.113502 0.013039 0.000019 0.000791 -0.065638 0.997843
500.122136 0.215111 0.109957 0.012835 0.000031 0.000840 -0.065539 0.997850
500.222136 0.258332 0.103623 0.013417 0.000024 0.000899 -0.065580 0.997847
500.272136 0.256685 0.106116 0.013300 0.000027 0.000899 -0.065436 0.997856
500.372136 0.260369 0.104234 0.013267 0.000025 0.000896 -0.065546 0.997849
500.422136 0.248863 0.109617 0.012724 0.000015 0.000886 -0.065553 0.997849
500.472136 0.238033 0.109595 0.013382 0.000016 0.000882 -0.065587 0.997846
500.572136 0.226576 0.113255 0.013598 0.000000 0.000852 -0.065777 0.997834
500.622136 0.215560 0.114080 0.013573 0.000011 0.000867 -0.065702 0.997839
500.672136 0.212124 0.115423 0.013830 -0.000002 0.000855 -0.065764 0.997835
500.772136 0.206959 0.117833 0.014156 -0.000002 0.000847 -0.065752 0.997836
500.822136 0.197386 0.119478 0.013925 0.000001 0.000843 -0.065731 0.997837
500.872136 0.187178 0.119793 0.014110 -0.000001 0.000845 -0.065674 0.997841
500.972136 0.183184 0.122609 0.014079 0.000007 0.000836 -0.065667 0.997841
501.022136 0.181384 0.120704 0.014186 -0.000002 0.000830 -0.065838 0.997830
501.072136 0.178163 0.122546 0.014055 -0.000012 0.000839 -0.065776 0.997834
501.172136 0.180298 0.122992 0.014434 -0.000008 0.000817 -0.065830 0.997831
501.222136 0.179497 0.125680 0.014275 -0.000003 0.000816 -0.066067 0.997815
501.272136 0.182434 0.125826 0.014061 0.000002 0.000814 -0.065852 0.997829
501.322136 0.181509 0.124628 0.014032 -0.000000 0.000815 -0.066027 0.997817
501.422136 0.181707 0.126544 0.013994 0.000001 0.000818 -0.066111 0.997812
501.472136 0.177338 0.127015 0.014229 0.000004 0.000815 -0.065922 0.997824
501.572136 0.186369 0.127799 0.014279 -0.000003 0.000820 -0.066066 0.997815
501.672136 0.179647 0.127350 0.014248 -0.000006 0.000815 -0.065922 0.997824
501.722136 0.182047 0.127615 0.014743 -0.000000 0.000816 -0.066024 0.997818
501.772136 0.179303 0.127655 0.014608 0.000009 0.000824 -0.065915 0.997825
501.822136 0.180957 0.127913 0.014920 -0.000007 0.000826 -0.065920 0.997825
501.922136 0.190232 0.129184 0.014620 -0.000006 0.000833 -0.066071 0.997815
501.972136 0.186432 0.129712 0.014649 0.000007 0.000818 -0.065970 0.997821
502.022136 0.184380 0.128902 0.014556 0.000007 0.000818 -0.065869 0.997828
502.122136 0.190335 0.129753 0.014321 0.000015 0.000832 -0.066139 0.997810
502.172136 0.187012 0.128560 0.014384 0.000019 0.000829 -0.065835 0.997830
502.222136 0.187157 0.130442 0.014355 0.000019 0.000829 -0.066135 0.997810
502.322136 0.186351 0.129725 0.014653 0.000012 0.000827 -0.065939 0.997823
502.372136 0.182723 0.128544 0.014699 0.000010 0.000821 -0.065776 0.997834
502.472136 0.187663 0.131411 0.014451 0.000012 0.000821 -0.066092 0.997813
502.522136 0.186379 0.132196 0.014882 0.000006 0.000829 -0.066132 0.997811
502.622136 0.189815 0.131757 0.014945 0.000010 0.000830 -0.066029 0.997817
502.672136 0.186491 0.132837 0.014965 -0.000001 0.000824 -0.066086 0.997814
502.772136 0.192030 0.132969 0.014843 -0.000001 0.000836 -0.065915 0.997825
502.822136 0.191060 0.132832 0.014803 0.000000 0.000833 -0.065916 0.997825
502.872136 0.187353 0.135396 0.015252 -0.000006 0.000834 -0.066012 0.997818
502.972136 0.190822 0.131788 0.014837 -0.000000 0.000827 -0.065980 0.997821
503.022136 0.187666 0.133541 0.014616 0.000002 0.000818 -0.066081 0.997814
503.122136 0.187809 0.134527 0.014432 0.000001 0.000825 -0.066016 0.997818
503.222136 0.188825 0.134879 0.014749 0.000002 0.000830 -0.066078 0.997814
503.272136 0.183739 0.135307 0.014673 -0.000003 0.000824 -0.066141 0.997810
503.372136 0.186346 0.133455 0.014916 -0.000002 0.000820 -0.065800 0.997832
503.422136 0.186039 0.135365 0.014891 -0.000001 0.000817 -0.065896 0.997826
503.472136 0.189193 0.134529 0.014603 0.000001 0.000822 -0.066032 0.997817
503.572136 0.187393 0.135732 0.015047 -0.000006 0.000831 -0.065919 0.997825
503.622136 0.189087 0.136877 0.014960 -0.000009 0.000823 -0.066098 0.997813
503.672136 0.191011 0.136523 0.014969 -0.000003 0.000825 -0.066201 0.997806
503.772136 0.193020 0.136277 0.014821 0.000001 0.000832 -0.066048 0.997816
503.822136 0.184473 0.138708 0.015103 -0.000012 0.000825 -0.066022 0.997818
503.922136 0.189029 0.138037 0.015019 -0.000012 0.000820 -0.066233 0.997804
503.972136 0.185956 0.139369 0.015196 -0.000009 0.000824 -0.065921 0.997825
504.022136 0.187155 0.138176 0.015477 -0.000012 0.000823 -0.066024 0.997818
504.122136 0.193816 0.138667 0.015334 -0.000013 0.000826 -0.065981 0.997821
504.172136 0.185709 0.140400 0.014717 -0.000011 0.000822 -0.065917 0.997825
504.272136 0.187736 0.141740 0.015264 -0.000017 0.000817 -0.066277 0.997801
504.372136 0.190196 0.140576 0.015688 -0.000023 0.000828 -0.066130 0.997811
504.422136 0.188195 0.140903 0.015164 -0.000016 0.000815 -0.065966 0.997822
504.522136 0.194330 0.144165 0.015390 -0.000020 0.000822 -0.066271 0.997801
504.622136 0.190206 0.142739 0.015650 -0.000028 0.000828 -0.065976 0.997821
504.672136 0.184860 0.143147 0.015169 -0.000014 0.000817 -0.066102 0.997813
504.772136 0.183133 0.142630 0.015238 -0.000012 0.000827 -0.066317 0.997798
504.822136 0.187128 0.144621 0.015315 -0.000018 0.000819 -0.066228 0.997804
504.922136 0.192067 0.141570 0.015371 -0.000024 0.000823 -0.066133 0.997810
504.972136 0.188686 0.144019 0.015294 -0.000022 0.000818 -0.066115 0.997812
505.022136 0.188207 0.143307 0.015145 -0.000017 0.000817 -0.066047 0.997816
505.072136 0.187831 0.144205 0.015167 -0.000024 0.000813 -0.066337 0.997797
505.172136 0.188936 0.142227 0.014956 -0.000015 0.000799 -0.066104 0.997812
505.222136 0.186144 0.143310 0.015150 -0.000014 0.000807 -0.065976 0.997821
505.322136 0.191573 0.142975 0.015100 -0.000022 0.000809 -0.066073 0.997814
505.422136 0.191482 0.142571 0.015267 -0.000011 0.000808 -0.066028 0.997817
505.472136 0.185854 0.145801 0.014925 -0.000013 0.000808 -0.066209 0.997805
505.572136 0.194407 0.146699 0.015148 -0.000011 0.000809 -0.066494 0.997787
505.622136 0.187769 0.146875 0.015358 -0.000015 0.000810 -0.066353 0.997796
505.722136 0.193502 0.145778 0.015500 -0.000021 0.000813 -0.066214 0.997805
505.772136 0.190559 0.148850 0.015351 -0.000021 0.000812 -0.066005 0.997819
505.822136 0.185618 0.149302 0.015285 -0.000022 0.000804 -0.066152 0.997809
505.922136 0.200543 0.147602 0.015363 -0.000020 0.000816 -0.066283 0.997801
505.972136 0.191173 0.147492 0.015036 -0.000010 0.000820 -0.066032 0.997817
506.122136 0.203678 0.147691 0.015306 -0.000010 0.000821 -0.066153 0.997809
506.172136 0.192217 0.150060 0.015070 -0.000007 0.000822 -0.066282 0.997801
506.272136 0.196579 0.148284 0.015054 -0.000010 0.000818 -0.066365 0.997795
506.322136 0.193139 0.148651 0.014970 -0.000008 0.000816 -0.066144 0.997810
506.372136 0.192445 0.147396 0.014498 -0.000002 0.000820 -0.066352 0.997796
506.422136 0.190469 0.148674 0.015239 -0.000007 0.000822 -0.066244 0.997803
506.522136 0.195249 0.149636 0.014781 -0.000003 0.000825 -0.066235 0.997804
506.572136 0.187256 0.148571 0.014590 -0.000004 0.000817 -0.066148 0.997809
506.672136 0.193184 0.148812 0.015209 -0.000012 0.000824 -0.066247 0.997803
506.722136 0.192046 0.150325 0.014900 -0.000010 0.000815 -0.066230 0.997804
506.772136 0.190731 0.151707 0.014358 -0.000009 0.000817 -0.066407 0.997792
506.822136 0.189797 0.150558 0.014523 -0.000012 0.000822 -0.066345 0.997796
506.922136 0.196173 0.151773 0.014293 -0.000002 0.000830 -0.066095 0.997813
507.022136 0.192520 0.152383 0.014451 0.000002 0.000835 -0.066156 0.997809
507.072136 0.190917 0.150269 0.014565 -0.000007 0.000818 -0.066266 0.997802
507.122136 0.192508 0.151750 0.014499 -0.000005 0.000825 -0.066583 0.997781
507.272136 0.193245 0.150900 0.014341 -0.000006 0.000820 -0.066421 0.997791
507.272136 0.193047 0.154132 0.014568 -0.000009 0.000818 -0.066382 0.997794
507.372136 0.191987 0.152829 0.014760 -0.000017 0.000809 -0.066183 0.997807
507.422136 0.188630 0.152916 0.014887 -0.000023 0.000814 -0.066237 0.997804
507.572136 0.197855 0.153597 0.014845 -0.000018 0.000820 -0.066279 0.997801
507.622136 0.186159 0.152288 0.014624 -0.000019 0.000818 -0.066256 0.997802
507.722136 0.195552 0.151722 0.014552 -0.000014 0.000830 -0.066344 0.997796
507.772136 0.194284 0.154129 0.015105 -0.000009 0.000830 -0.066324 0.997798
507.822136 0.193378 0.154939 0.014915 -0.000014 0.000830 -0.066042 0.997817
507.922136 0.200253 0.152407 0.015134 -0.000013 0.000841 -0.065990 0.997820
508.022136 0.195309 0.155323 0.015188 -0.000001 0.000841 -0.066272 0.997801
508.072136 0.194716 0.155596 0.015162 -0.000006 0.000848 -0.066142 0.997810
508.172136 0.198314 0.154550 0.015390 -0.000002 0.000843 -0.066168 0.997808
508.272136 0.202537 0.154672 0.015266 0.000007 0.000846 -0.066332 0.997797
508.322136 0.199718 0.156290 0.015013 0.000011 0.000862 -0.066234 0.997804
508.422136 0.201122 0.157155 0.015472 0.000008 0.000871 -0.066394 0.997793
508.472136 0.197976 0.158427 0.015063 0.000011 0.000855 -0.066107 0.997812
508.572136 0.198219 0.157893 0.015117 0.000023 0.000868 -0.066314 0.997798
508.622136 0.195737 0.158358 0.014690 0.000028 0.000869 -0.066353 0.997796
508.722136 0.196392 0.158577 0.014702 0.000031 0.000859 -0.065921 0.997824
508.822136 0.195065 0.157892 0.015420 0.000027 0.000865 -0.066342 0.997797
508.872136 0.191923 0.160614 0.014935 0.000027 0.000856 -0.066121 0.997811
508.972136 0.198691 0.158217 0.015117 0.000019 0.000853 -0.066270 0.997801
509.022136 0.193348 0.159324 0.015471 0.000013 0.000862 -0.066123 0.997811
509.122136 0.199895 0.157842 0.015030 0.000022 0.000863 -0.066439 0.997790
509.172136 0.194998 0.157952 0.015236 0.000018 0.000843 -0.066100 0.997813
509.222136 0.195894 0.158025 0.014999 0.000021 0.000852 -0.066153 0.997809
509.322136 0.207306 0.158860 0.015221 0.000018 0.000848 -0.066107 0.997812
509.422136 0.205002 0.161394 0.015372 0.000006 0.000854 -0.066254 0.997802
509.472136 0.198470 0.161039 0.014862 0.000012 0.000858 -0.066129 0.997811
509.572136 0.195182 0.159596 0.015043 0.000014 0.000863 -0.065919 0.997825
509.672136 0.197613 0.157624 0.014778 0.000016 0.000857 -0.066316 0.997798
509.722136 0.049816 0.114670 0.025901 0.000005 0.000703 -0.065592 0.997846
509.822136 0.009106 0.121172 0.028767 0.000030 0.000686 -0.066222 0.997805
509.872136 -0.003408 0.135368 0.026624 0.000026 0.000700 -0.066165 0.997808
509.972136 0.117136 0.086132 0.030722 0.000136 0.000851 -0.065936 0.997824
510.022136 0.079205 0.108683 0.028427 0.000055 0.000744 -0.065879 0.997827
510.122136 0.194125 0.063858 0.030500 0.000159 0.000881 -0.065993 0.997820
510.172136 0.234413 0.050777 0.031828 0.000126 0.000922 -0.066068 0.997815
510.222136 0.342459 0.072371 0.024185 0.000125 0.000958 -0.066135 0.997810
510.272136 0.415758 0.083005 0.019732 0.000072 0.001034 -0.066330 0.997797
510.372136 0.302193 0.057465 0.026796 0.000126 0.000918 -0.065986 0.997820
510.472136 0.396814 0.080145 0.021281 0.000087 0.000991 -0.066287 0.997800
510.522136 0.437015 0.089935 0.019461 0.000062 0.001060 -0.066197 0.997806
510.672136 0.447530 0.097767 0.020298 0.000038 0.001030 -0.066695 0.997773
510.772136 0.329181 0.173215 0.014807 -0.000129 0.000927 -0.066515 0.997785
510.822136 0.243962 0.182458 0.014300 -0.000084 0.000891 -0.066328 0.997797
510.922136 0.244454 0.173156 0.015861 -0.000043 0.000877 -0.066337 0.997797
510.972136 0.237272 0.169335 0.015522 -0.000045 0.000879 -0.066454 0.997789
511.072136 0.259454 0.165010 0.015939 -0.000046 0.000901 -0.066322 0.997798
511.172136 0.270280 0.162662 0.015924 -0.000043 0.000912 -0.066130 0.997811
511.222136 0.254334 0.160172 0.015045 -0.000039 0.000910 -0.066148 0.997809
511.272136 0.246168 0.161408 0.015563 -0.000045 0.000905 -0.066341 0.997797
511.322136 0.252587 0.160737 0.014856 -0.000052 0.000915 -0.066136 0.997810
511.422136 0.282185 0.157193 0.015166 -0.000040 0.000919 -0.066223 0.997804
511.522136 0.274852 0.159892 0.015011 -0.000045 0.000916 -0.066226 0.997804
511.622136 0.272633 0.161308 0.015122 -0.000039 0.000912 -0.066127 0.997811
511.672136 0.270663 0.161246 0.014739 -0.000041 0.000921 -0.066222 0.997804
511.772136 0.290409 0.160056 0.014534 -0.000041 0.000935 -0.066018 0.997818
511.822136 0.277036 0.164326 0.014268 -0.000037 0.000915 -0.066317 0.997798
511.922136 0.281443 0.163197 0.014492 -0.000039 0.000925 -0.066429 0.997791
512.022136 0.268014 0.164775 0.014501 -0.000039 0.000915 -0.066050 0.997816
512.072136 0.269287 0.167793 0.014770 -0.000048 0.000912 -0.065886 0.997827
512.172136 0.284398 0.169332 0.014596 -0.000046 0.000922 -0.066119 0.997811
512.272136 0.296400 0.171120 0.014272 -0.000046 0.000923 -0.065928 0.997824
512.372136 0.293470 0.171526 0.014631 -0.000067 0.000913 -0.065870 0.997828
512.422136 0.278208 0.174657 0.014273 -0.000052 0.000912 -0.065791 0.997833
512.522136 0.288485 0.175463 0.015190 -0.000069 0.000906 -0.066115 0.997812
512.622136 0.286602 0.177586 0.013785 -0.000048 0.000902 -0.065769 0.997834
512.722136 0.295225 0.179446 0.014492 -0.000084 0.000919 -0.065774 0.997834
512.772136 0.284780 0.182081 0.014351 -0.000082 0.000903 -0.065725 0.997837
512.872136 0.301585 0.187220 0.014105 -0.000075 0.000920 -0.065484 0.997853
512.972136 0.306170 0.187598 0.014421 -0.000066 0.000918 -0.065296 0.997866
513.022136 0.289547 0.190838 0.014958 -0.000078 0.000911 -0.065325 0.997864
513.122136 0.299780 0.187599 0.015441 -0.000082 0.000915 -0.065520 0.997851
513.172136 0.293660 0.192057 0.015180 -0.000078 0.000915 -0.065415 0.997858
513.272136 0.303462 0.190160 0.014961 -0.000078 0.000922 -0.065403 0.997859
513.372136 0.308007 0.192659 0.015088 -0.000081 0.000916 -0.065309 0.997865
513.422136 0.295271 0.195086 0.014703 -0.000076 0.000908 -0.064966 0.997887
513.472136 0.290343 0.195008 0.014294 -0.000065 0.000905 -0.065294 0.997866
513.572136 0.302844 0.198322 0.014921 -0.000084 0.000911 -0.065369 0.997861
513.672136 0.318016 0.198543 0.015462 -0.000089 0.000923 -0.065320 0.997864
513.722136 0.299041 0.197662 0.014875 -0.000083 0.000919 -0.065214 0.997871
513.822136 0.313477 0.200476 0.015894 -0.000088 0.000932 -0.065053 0.997881
513.972137 0.170144 0.239753 0.016722 -0.000087 0.000757 -0.065198 0.997872
514.072137 0.215241 0.230379 0.018682 -0.002618 -0.016757 -0.063922 0.997811
514.122137 0.019727 0.259723 0.019922 -0.002564 -0.017412 -0.064062 0.997791
514.222137 0.375314 0.201874 0.017759 -0.003641 -0.016146 -0.064527 0.997779
514.322137 0.619412 0.164295 0.074179 -0.002173 -0.001672 -0.064515 0.997913
514.422137 0.549654 0.160709 0.036282 -0.000329 0.000759 -0.064733 0.997902
514.472137 0.465109 0.173852 0.024358 -0.000200 0.000876 -0.064857 0.997894
514.522137 0.362833 0.193160 0.017222 -0.000120 0.000877 -0.064811 0.997897
514.622137 0.463865 0.186191 0.015762 -0.000094 0.000921 -0.064666 0.997907
514.672137 0.700454 0.147134 0.006338 -0.000039 0.001170 -0.065354 0.997861
514.822137 0.730264 0.142356 0.009004 0.000011 0.001185 -0.064771 0.997899
514.872137 0.716233 0.147770 0.009410 -0.000016 0.001156 -0.065335 0.997863
514.972137 0.710522 0.161010 0.012032 -0.000039 0.001127 -0.065121 0.997877
515.072137 0.757819 0.155650 0.014093 -0.000070 0.001122 -0.065152 0.997875
515.172137 0.780918 0.155568 0.014189 -0.000091 0.001202 -0.065036 0.997882
515.222137 0.725009 0.153412 0.014333 -0.000115 0.001188 -0.064971 0.997886
515.322137 0.720716 0.159915 0.014371 -0.000134 0.001160 -0.064836 0.997895
515.422137 0.718979 0.158599 0.015084 -0.000129 0.001144 -0.064801 0.997898
515.472137 0.693166 0.157433 0.013853 -0.000129 0.001146 -0.065442 0.997856
515.572137 0.695353 0.167908 0.014130 -0.000131 0.001116 -0.064861 0.997894
515.722137 0.720871 0.171012 0.013252 -0.000126 0.001083 -0.064590 0.997911
515.822137 0.746952 0.165833 0.015112 -0.000144 0.001087 -0.064614 0.997910
515.872137 0.707405 0.169189 0.015262 -0.000147 0.001067 -0.064849 0.997895
515.972137 0.726849 0.171306 0.014547 -0.000126 0.001043 -0.064766 0.997900
516.072137 0.708771 0.172648 0.014931 -0.000128 0.001078 -0.064859 0.997894
516.172137 0.717298 0.183467 0.015524 -0.000159 0.001111 -0.064807 0.997897
516.272137 0.652058 0.195430 0.015273 -0.000170 0.001058 -0.064383 0.997925
516.322137 0.620288 0.195292 0.016323 -0.000157 0.001013 -0.064367 0.997926
516.422137 0.626915 0.203167 0.016138 -0.000160 0.001026 -0.064398 0.997924
516.522137 0.639897 0.202122 0.015459 -0.000155 0.001008 -0.064697 0.997904
516.572137 0.587499 0.209533 0.015136 -0.000157 0.000981 -0.064405 0.997923
516.672137 0.557873 0.217918 0.015400 -0.000166 0.000990 -0.064149 0.997940
516.772137 0.613322 0.211984 0.015457 -0.000152 0.001004 -0.064314 0.997929
516.872137 0.689729 0.193712 0.014242 -0.000161 0.001038 -0.064522 0.997916
516.972137 0.762258 0.187388 0.014127 -0.000154 0.001095 -0.064594 0.997911
517.072137 0.832303 0.176473 0.013869 -0.000155 0.001124 -0.064755 0.997901
517.172137 0.889324 0.164686 0.013656 -0.000144 0.001161 -0.064752 0.997901
517.222137 0.871528 0.160488 0.013755 -0.000125 0.001162 -0.064692 0.997905
517.422137 1.065779 0.145786 0.014881 -0.000150 0.001225 -0.064648 0.997907
517.422137 0.999954 0.156822 0.014451 -0.000158 0.001206 -0.064407 0.997923
517.572137 1.116716 0.150294 0.015107 -0.000172 0.001256 -0.064200 0.997936
517.672137 1.189247 0.143738 0.016474 -0.000179 0.001279 -0.064335 0.997928
517.772137 1.187342 0.147327 0.015043 -0.000162 0.001252 -0.064355 0.997926
517.872137 1.174364 0.148697 0.014824 -0.000175 0.001230 -0.064104 0.997942
517.972137 1.193565 0.151808 0.014176 -0.000174 0.001249 -0.064036 0.997947
518.072137 1.214879 0.149581 0.014625 -0.000176 0.001267 -0.064141 0.997940
518.172137 1.225176 0.147313 0.014380 -0.000180 0.001261 -0.063925 0.997954
518.272137 1.265240 0.150636 0.015021 -0.000183 0.001278 -0.063980 0.997950
518.322137 1.229282 0.147558 0.014169 -0.000175 0.001235 -0.064287 0.997931
518.422137 1.276416 0.151486 0.014599 -0.000168 0.001251 -0.063869 0.997957
518.522137 1.288378 0.160355 0.014576 -0.000195 0.001257 -0.063813 0.997961
518.622137 1.303965 0.147284 0.015048 -0.000202 0.001252 -0.064151 0.997939
518.722137 1.315772 0.153628 0.015322 -0.000214 0.001260 -0.063600 0.997975
518.822137 1.373346 0.159566 0.014502 -0.000216 0.001294 -0.063720 0.997967
518.922137 1.411104 0.146985 0.015189 -0.000219 0.001299 -0.063858 0.997958
518.972137 1.374755 0.160035 0.014269 -0.000212 0.001296 -0.063159 0.998003
519.122137 1.785167 0.127262 0.017008 -0.000219 0.001459 -0.063105 0.998006
519.222137 1.972814 0.103738 0.016979 -0.000212 0.001486 -0.062922 0.998017
519.322137 2.142546 0.079440 0.015380 -0.000230 0.001439 -0.063106 0.998006
519.422137 2.344533 0.063953 0.016554 -0.000237 0.001512 -0.062690 0.998032
519.522137 2.394919 0.072926 0.016265 -0.000247 0.001523 -0.062192 0.998063
519.672137 2.908829 0.011862 0.014617 -0.000246 0.001639 -0.062193 0.998063
519.772137 3.164118 -0.009878 0.016094 -0.000290 0.001579 -0.062233 0.998060
519.872137 3.372783 -0.035837 0.016554 -0.000275 0.001648 -0.062146 0.998066
519.972137 3.542195 -0.052520 0.015471 -0.000256 0.001649 -0.062034 0.998073
520.072137 3.715883 -0.090764 0.015421 -0.000301 0.001662 -0.062389 0.998050
520.172137 3.931496 -0.117898 0.013347 -0.000307 0.001637 -0.062450 0.998047
520.272137 4.250680 -0.136964 0.016150 -0.000300 0.001723 -0.061909 0.998080
520.372137 4.604093 -0.170206 0.020781 -0.000348 0.001865 -0.061689 0.998094
520.472137 4.882517 -0.188098 0.020380 -0.000348 0.001940 -0.061477 0.998107
520.622137 5.435097 -0.226965 0.021672 -0.000325 0.002080 -0.060736 0.998152
520.722137 5.775136 -0.274021 0.018550 -0.000388 0.002072 -0.060802 0.998148
520.822137 6.185748 -0.350896 0.022473 -0.000377 0.002035 -0.061331 0.998115
520.922137 6.609788 -0.401455 0.020318 -0.000365 0.002057 -0.061168 0.998125
521.072137 7.208431 -0.469460 0.021192 -0.000387 0.002059 -0.060987 0.998136
521.172137 7.592159 -0.518076 0.022925 -0.000391 0.002065 -0.061197 0.998123
521.272137 7.761486 -0.551377 0.023074 -0.000389 0.002125 -0.061024 0.998134
521.322137 8.155929 -0.590563 0.025240 -0.000398 0.002160 -0.061028 0.998134
521.472137 8.774120 -0.678629 0.029626 -0.000424 0.002132 -0.061202 0.998123
521.572137 9.125976 -0.733099 0.032629 -0.000379 0.002140 -0.061221 0.998122
521.772137 9.931094 -0.828706 0.033678 -0.000424 0.002132 -0.061285 0.998118
521.872137 10.327740 -0.882368 0.033408 -0.000453 0.002191 -0.061458 0.998107
521.972137 10.697658 -0.931240 0.035587 -0.000411 0.002208 -0.061299 0.998117
522.072137 11.062575 -0.984530 0.039639 -0.000398 0.002341 -0.061336 0.998114
522.172137 11.473866 -1.030022 0.035946 -0.000419 0.002449 -0.061259 0.998119
522.322137 12.086335 -1.107490 0.034794 -0.000410 0.002442 -0.061309 0.998116
522.422137 12.438719 -1.143825 0.033581 -0.000429 0.002473 -0.061353 0.998113
522.522137 12.873468 -1.196252 0.034080 -0.000447 0.002431 -0.061395 0.998110
522.622137 13.299922 -1.253712 0.034496 -0.000425 0.002405 -0.061530 0.998102
522.722137 13.714919 -1.293943 0.032629 -0.000446 0.002390 -0.061638 0.998096
522.822137 14.113955 -1.348071 0.033831 -0.000423 0.002373 -0.061715 0.998091
522.922137 14.503692 -1.390300 0.034071 -0.000445 0.002457 -0.061589 0.998098
523.022137 14.912801 -1.442894 0.036345 -0.000476 0.002386 -0.061780 0.998087
523.172137 15.546959 -1.520842 0.036869 -0.000540 0.002412 -0.061850 0.998082
523.272137 15.939545 -1.570895 0.037273 -0.000488 0.002426 -0.061773 0.998087
523.372137 16.340831 -1.622087 0.039058 -0.000505 0.002469 -0.061934 0.998077
523.472137 16.753830 -1.678167 0.038125 -0.000514 0.002457 -0.062059 0.998069
523.572137 17.146943 -1.727857 0.039037 -0.000527 0.002456 -0.061996 0.998073
523.672137 17.550017 -1.786683 0.040677 -0.000498 0.002533 -0.061974 0.998074
523.772137 17.948226 -1.838389 0.039270 -0.000491 0.002522 -0.062060 0.998069
523.972137 18.788739 -1.938133 0.039238 -0.000526 0.002469 -0.062188 0.998061
524.072137 19.187453 -1.994713 0.040782 -0.000510 0.002531 -0.062173 0.998062
524.222137 19.787897 -2.063514 0.041083 -0.000561 0.002551 -0.062275 0.998056
524.322137 20.191000 -2.117172 0.039622 -0.000530 0.002573 -0.062328 0.998052
524.422137 20.602292 -2.169279 0.042701 -0.000488 0.002566 -0.062330 0.998052
524.522137 20.996854 -2.215983 0.042600 -0.000540 0.002589 -0.062335 0.998052
524.622137 21.403251 -2.273730 0.040671 -0.000550 0.002628 -0.062376 0.998049
524.722137 21.803486 -2.332230 0.042063 -0.000537 0.002625 -0.062440 0.998045
524.822137 22.214225 -2.377652 0.043140 -0.000549 0.002568 -0.062442 0.998045
524.972137 22.825176 -2.464246 0.046257 -0.000559 0.002549 -0.062450 0.998045
525.072137 23.245642 -2.510365 0.046875 -0.000563 0.002514 -0.062543 0.998039
525.172137 23.642345 -2.556808 0.048459 -0.000617 0.002498 -0.062577 0.998037
525.272137 24.042354 -2.612306 0.047651 -0.000555 0.002567 -0.062583 0.998036
525.422137 24.674288 -2.692756 0.046699 -0.000550 0.002551 -0.062509 0.998041
525.522137 25.065512 -2.746325 0.047840 -0.000573 0.002486 -0.062716 0.998028
525.622137 25.485469 -2.810727 0.047034 -0.000513 0.002490 -0.062722 0.998028
525.722137 25.896173 -2.868534 0.048546 -0.000542 0.002479 -0.062674 0.998031
525.822137 26.312261 -2.905336 0.048561 -0.000559 0.002477 -0.062838 0.998020
525.922137 26.735049 -2.974177 0.047510 -0.000573 0.002372 -0.062837 0.998021
526.072137 27.345117 -3.038873 0.050654 -0.000521 0.002380 -0.062802 0.998023
526.222137 27.954546 -3.117363 0.049432 -0.000539 0.002379 -0.062811 0.998022
526.372137 28.571747 -3.194211 0.050117 -0.000525 0.002388 -0.062978 0.998012
526.472137 28.974969 -3.246605 0.052403 -0.000557 0.002344 -0.062862 0.998019
526.572137 29.379677 -3.294311 0.052927 -0.000590 0.002296 -0.062952 0.998014
526.672137 29.795467 -3.356001 0.054118 -0.000574 0.002264 -0.063066 0.998007
526.722137 29.997430 -3.379547 0.053698 -0.000524 0.002281 -0.063002 0.998011
526.872137 30.621210 -3.463077 0.055637 -0.000614 0.002196 -0.063069 0.998007
526.972137 31.018468 -3.518440 0.055693 -0.000537 0.002224 -0.063079 0.998006
527.122137 31.638024 -3.595422 0.055408 -0.000545 0.002250 -0.063113 0.998004
527.222137 31.870449 -3.627126 0.055740 -0.000612 0.002174 -0.063102 0.998005
527.372137 32.661271 -3.725995 0.056948 -0.000593 0.002179 -0.063104 0.998004
527.472137 33.066268 -3.783070 0.057251 -0.000590 0.002220 -0.063151 0.998001
527.572137 33.481037 -3.833938 0.058140 -0.000594 0.002126 -0.063143 0.998002
527.672137 33.890042 -3.889355 0.059735 -0.000657 0.002104 -0.063245 0.997996
527.822137 34.502498 -3.971436 0.061040 -0.000672 0.002002 -0.063147 0.998002
527.922137 34.909810 -4.018507 0.062002 -0.000641 0.002118 -0.063077 0.998006
528.022137 35.313316 -4.068179 0.063258 -0.000673 0.002118 -0.063126 0.998003
528.072137 35.512710 -4.095651 0.063109 -0.000657 0.002072 -0.063142 0.998002
528.272137 36.137577 -4.195393 0.070312 0.000163 0.001591 -0.062966 0.998014
528.372137 36.753964 -4.290086 0.073290 0.001116 0.001169 -0.062996 0.998012
528.572137 37.586908 -4.399466 0.085819 0.002155 0.001092 -0.062810 0.998023
528.672137 38.012550 -4.472703 0.092649 0.006130 0.001960 -0.062766 0.998008
528.822137 38.648622 -4.521232 0.081079 0.003216 0.002917 -0.062717 0.998022
528.922137 39.057660 -4.587149 0.086078 0.005377 0.002499 -0.062642 0.998018
529.022137 39.481571 -4.621629 0.080422 0.002320 0.003469 -0.062703 0.998024
529.172137 40.087487 -4.676468 0.077529 0.000074 0.002603 -0.062494 0.998042
529.272137 40.508917 -4.706271 0.066990 -0.001317 0.001745 -0.062594 0.998037
529.372137 40.915042 -4.768182 0.073604 -0.000954 0.001809 -0.062458 0.998045
529.522137 41.527881 -4.852845 0.077825 -0.000791 0.001795 -0.062305 0.998055
529.622137 41.943395 -4.906995 0.078576 -0.000803 0.001877 -0.062249 0.998059
529.722137 42.356233 -4.952664 0.078111 -0.000874 0.001910 -0.062193 0.998062
529.822137 42.755403 -5.006256 0.079798 -0.000897 0.001889 -0.062094 0.998068
529.972137 43.385905 -5.085929 0.080456 -0.000938 0.001859 -0.062058 0.998070
530.072137 43.793641 -5.144097 0.082575 -0.000934 0.001888 -0.061841 0.998084
530.222137 44.419558 -5.216191 0.085147 -0.000946 0.001821 -0.061836 0.998084
530.322137 44.826953 -5.265551 0.086744 -0.000927 0.001742 -0.061754 0.998089
530.422137 45.234646 -5.318680 0.087367 -0.000951 0.001711 -0.061692 0.998093
530.572137 45.852198 -5.398082 0.084590 -0.000870 0.001763 -0.061497 0.998105
530.672137 46.264800 -5.448137 0.084647 -0.000940 0.001646 -0.061474 0.998107
530.772137 46.585125 -5.481711 0.086932 -0.001361 -0.008025 -0.062008 0.998042
531.022137 46.622243 -5.497574 0.091902 -0.001750 -0.009817 -0.061853 0.998035
531.122137 46.655451 -5.490241 0.082548 -0.001028 -0.004242 -0.061702 0.998085
531.222137 46.644501 -5.495386 0.077922 -0.000750 -0.000866 -0.061372 0.998114
531.322137 46.647989 -5.491129 0.081605 -0.000864 0.000714 -0.061322 0.998117
531.472137 46.646880 -5.495217 0.083997 -0.000822 0.001217 -0.061306 0.998118
531.622137 46.655310 -5.491021 0.083568 -0.000841 0.001311 -0.061172 0.998126
531.722137 46.653774 -5.488946 0.083677 -0.000871 0.001328 -0.061284 0.998119
531.822137 46.652873 -5.487405 0.082354 -0.000856 0.001325 -0.061308 0.998118
531.922137 46.657240 -5.484985 0.085022 -0.000861 0.001295 -0.061286 0.998119
532.072137 46.656774 -5.487383 0.083119 -0.000887 0.001317 -0.061282 0.998119
532.172137 46.657021 -5.486807 0.084396 -0.000843 0.001311 -0.061310 0.998118
532.322137 46.659164 -5.490741 0.084747 -0.000852 0.001318 -0.061310 0.998118
532.422137 46.658463 -5.491610 0.084311 -0.000850 0.001302 -0.061251 0.998121
532.522137 46.659168 -5.490062 0.083929 -0.000836 0.001331 -0.061259 0.998121
532.672137 46.658938 -5.490942 0.084278 -0.000838 0.001306 -0.061283 0.998119
532.772137 46.661408 -5.487244 0.085166 -0.000808 0.001319 -0.061315 0.998117
532.872137 46.658780 -5.491121 0.084693 -0.000831 0.001311 -0.061264 0.998120
532.972137 46.661999 -5.488944 0.086050 -0.000855 0.001306 -0.061294 0.998119
533.122137 46.660844 -5.492959 0.085312 -0.000828 0.001285 -0.061266 0.998120
533.272137 46.664452 -5.492564 0.085779 -0.000845 0.001275 -0.061252 0.998121
533.472137 46.662311 -5.488437 0.085312 -0.000827 0.001306 -0.061236 0.998122
533.572137 46.664458 -5.489733 0.084841 -0.000825 0.001307 -0.061328 0.998116
533.722137 46.663838 -5.490415 0.085765 -0.000823 0.001308 -0.061297 0.998118
533.822137 46.665868 -5.487671 0.085014 -0.000804 0.001293 -0.061342 0.998116
533.972137 46.662641 -5.491039 0.085272 -0.000816 0.001283 -0.061306 0.998118
534.072137 46.663305 -5.487538 0.084869 -0.000811 0.001281 -0.061256 0.998121
534.222137 46.664007 -5.490044 0.084776 -0.000821 0.001266 -0.061303 0.998118
534.322137 46.664950 -5.489712 0.085421 -0.000836 0.001289 -0.061284 0.998119
534.422137 46.662735 -5.490416 0.085568 -0.000832 0.001317 -0.061295 0.998118
534.572137 46.661893 -5.489605 0.085714 -0.000822 0.001310 -0.061289 0.998119
534.672137 46.665256 -5.490319 0.085618 -0.000834 0.001290 -0.061307 0.998118
534.772137 46.665562 -5.489750 0.084507 -0.000823 0.001306 -0.061297 0.998118
534.872137 46.663755 -5.489510 0.086140 -0.000819 0.001302 -0.061283 0.998119
534.972137 46.661402 -5.495281 0.086348 -0.000823 0.001315 -0.061267 0.998120
535.072137 46.661826 -5.493075 0.085523 -0.000816 0.001298 -0.061312 0.998117
535.222137 46.662373 -5.491968 0.085810 -0.000817 0.001313 -0.061271 0.998120
535.322137 46.664023 -5.492634 0.086029 -0.000829 0.001283 -0.061266 0.998120
535.472137 46.665012 -5.492859 0.086180 -0.000820 0.001304 -0.061274 0.998120
535.572137 46.665036 -5.491408 0.085874 -0.000816 0.001290 -0.061303 0.998118
535.722137 46.664325 -5.492265 0.085681 -0.000822 0.001297 -0.061294 0.998119
535.922137 46.663461 -5.491985 0.086062 -0.000818 0.001283 -0.061264 0.998120
536.072137 46.663715 -5.490108 0.086024 -0.000795 0.001288 -0.061305 0.998118
536.172137 46.666770 -5.490913 0.085943 -0.000824 0.001322 -0.061290 0.998119
536.272137 46.666374 -5.493207 0.086504 -0.000810 0.001302 -0.061323 0.998117
536.422137 46.663511 -5.490612 0.085755 -0.000811 0.001282 -0.061334 0.998116
536.522137 46.662959 -5.492884 0.085931 -0.000820 0.001303 -0.061241 0.998122
536.622137 46.667566 -5.490895 0.086241 -0.000820 0.001301 -0.061307 0.998118
536.772137 46.664386 -5.489776 0.086407 -0.000814 0.001308 -0.061270 0.998120
536.872137 46.667460 -5.493455 0.086506 -0.000815 0.001283 -0.061299 0.998118
536.972137 46.666486 -5.489343 0.086468 -0.000815 0.001301 -0.061278 0.998120
537.122137 46.666109 -5.491422 0.085799 -0.000824 0.001295 -0.061282 0.998119
537.222137 46.665170 -5.491934 0.086147 -0.000815 0.001296 -0.061314 0.998117
537.372137 46.666652 -5.491718 0.086176 -0.000811 0.001312 -0.061272 0.998120
537.422137 46.664083 -5.494326 0.086437 -0.000800 0.001300 -0.061309 0.998118
537.522137 46.667910 -5.490163 0.086662 -0.000820 0.001308 -0.061313 0.998117
537.672137 46.666063 -5.492370 0.087486 -0.000828 0.001309 -0.061285 0.998119
537.822137 46.668617 -5.489858 0.086121 -0.000815 0.001306 -0.061326 0.998117
537.922137 46.667881 -5.488012 0.086898 -0.000829 0.001319 -0.061322 0.998117
538.072137 46.667667 -5.492208 0.086572 -0.000828 0.001296 -0.061313 0.998117
538.172137 46.666861 -5.491727 0.087284 -0.000818 0.001302 -0.061271 0.998120
538.372137 46.668451 -5.490997 0.086566 -0.000820 0.001278 -0.061273 0.998120
538.522137 46.670882 -5.490241 0.085981 -0.000830 0.001314 -0.061345 0.998115
538.622137 46.668207 -5.490833 0.086115 -0.000812 0.001287 -0.061284 0.998119
538.722137 46.668183 -5.490767 0.086786 -0.000822 0.001308 -0.061295 0.998119
538.872137 46.670239 -5.491944 0.086673 -0.000817 0.001294 -0.061304 0.998118
538.972137 46.667294 -5.490338 0.086958 -0.000816 0.001296 -0.061275 0.998120
539.122137 46.668047 -5.492322 0.086955 -0.000816 0.001307 -0.061305 0.998118
539.222137 46.669313 -5.493268 0.086569 -0.000813 0.001278 -0.061276 0.998120
539.272137 46.668936 -5.493653 0.086196 -0.000819 0.001290 -0.061301 0.998118
539.422137 46.669197 -5.490997 0.087033 -0.000822 0.001284 -0.061273 0.998120
539.522137 46.669311 -5.491009 0.087862 -0.000836 0.001299 -0.061334 0.998116
539.672137 46.669720 -5.493644 0.086452 -0.000814 0.001281 -0.061308 0.998118
539.772137 46.669285 -5.493574 0.086923 -0.000822 0.001296 -0.061322 0.998117
539.922137 46.668915 -5.492703 0.086604 -0.000821 0.001301 -0.061322 0.998117
540.022137 46.671572 -5.491260 0.087157 -0.000833 0.001285 -0.061293 0.998119
540.122137 46.671661 -5.491227 0.086709 -0.000839 0.001289 -0.061329 0.998116
540.272137 46.670206 -5.491724 0.086715 -0.000812 0.001305 -0.061295 0.998119
540.372137 46.670673 -5.493379 0.087261 -0.000830 0.001306 -0.061296 0.998118
540.472137 46.670492 -5.489913 0.086589 -0.000810 0.001301 -0.061286 0.998119
540.622137 46.672016 -5.491880 0.086713 -0.000822 0.001289 -0.061294 0.998119
540.822137 46.671376 -5.492254 0.086142 -0.000820 0.001289 -0.061302 0.998118
540.922137 46.670323 -5.494361 0.087238 -0.000818 0.001305 -0.061324 0.998117
541.022137 46.669907 -5.490868 0.087636 -0.000810 0.001279 -0.061306 0.998118
541.172137 46.671668 -5.491014 0.086800 -0.000820 0.001318 -0.061339 0.998116
541.272137 46.671842 -5.492912 0.087122 -0.000815 0.001271 -0.061294 0.998119
541.422137 46.672726 -5.490757 0.086642 -0.000820 0.001311 -0.061308 0.998118
541.522137 46.668344 -5.492488 0.086374 -0.000805 0.001281 -0.061300 0.998118
541.622137 46.670255 -5.493401 0.086566 -0.000814 0.001295 -0.061309 0.998118
541.772137 46.671983 -5.491292 0.086822 -0.000843 0.001322 -0.061292 0.998119
541.872137 46.670239 -5.493347 0.086761 -0.000825 0.001296 -0.061285 0.998119
542.022137 46.673330 -5.491942 0.086801 -0.000812 0.001300 -0.061291 0.998119
542.122137 46.672281 -5.493843 0.086426 -0.000816 0.001299 -0.061338 0.998116
542.272137 46.671451 -5.493569 0.087002 -0.000833 0.001287 -0.061300 0.998118
542.372137 46.673491 -5.493627 0.087832 -0.000819 0.001301 -0.061339 0.998116
542.472137 46.673170 -5.494861 0.086791 -0.000815 0.001267 -0.061284 0.998119
542.622137 46.672097 -5.493687 0.087171 -0.000829 0.001309 -0.061326 0.998117
542.672137 46.673189 -5.495361 0.087616 -0.000820 0.001294 -0.061296 0.998118
542.872137 46.672470 -5.496515 0.087341 -0.000824 0.001288 -0.061288 0.998119
542.972137 46.672053 -5.494347 0.087499 -0.000828 0.001307 -0.061320 0.998117
543.072137 46.674341 -5.492725 0.087001 -0.000811 0.001285 -0.061309 0.998118
543.322137 46.672980 -5.494121 0.087045 -0.000810 0.001287 -0.061297 0.998118
543.422137 46.675507 -5.492506 0.087749 -0.000827 0.001296 -0.061321 0.998117
543.522137 46.671862 -5.494224 0.086614 -0.000812 0.001299 -0.061298 0.998118
543.672137 46.672862 -5.492845 0.086988 -0.000807 0.001313 -0.061309 0.998118
543.772137 46.674665 -5.495225 0.086945 -0.000820 0.001287 -0.061296 0.998118
543.922137 46.675189 -5.494086 0.086938 -0.000798 0.001287 -0.061296 0.998118
544.022137 46.672983 -5.491195 0.087515 -0.000816 0.001298 -0.061314 0.998117
544.172137 46.674507 -5.492018 0.087453 -0.000829 0.001300 -0.061300 0.998118
544.272137 46.674919 -5.493625 0.086443 -0.000816 0.001299 -0.061291 0.998119
544.372137 46.676850 -5.491852 0.086745 -0.000836 0.001313 -0.061298 0.998118
544.522137 46.674144 -5.492789 0.086754 -0.000830 0.001277 -0.061291 0.998119
544.622137 46.674106 -5.494412 0.086871 -0.000798 0.001300 -0.061365 0.998114
544.772137 46.669093 -5.492915 0.085586 -0.000828 0.001232 -0.061387 0.998113
544.872137 46.693706 -5.492962 0.087918 -0.000831 0.001485 -0.061330 0.998116
544.972137 46.707274 -5.494077 0.086817 -0.000829 0.001661 -0.061133 0.998128
545.122137 46.738687 -5.503339 0.089749 -0.000815 0.001871 -0.060859 0.998144
545.172137 46.751819 -5.502282 0.091248 -0.000853 0.001857 -0.059990 0.998197
545.322137 46.805568 -5.511846 0.089156 -0.000851 0.001819 -0.059524 0.998225
545.472137 46.859513 -5.510448 0.089004 -0.000850 0.001859 -0.059438 0.998230
545.622137 46.945546 -5.524380 0.090493 -0.000854 0.001806 -0.059643 0.998218
545.822137 47.079554 -5.545102 0.092690 -0.000880 0.001864 -0.059579 0.998221
545.972137 47.196917 -5.560354 0.093371 -0.000860 0.001921 -0.059547 0.998223
546.072137 47.293385 -5.571791 0.095747 -0.000854 0.001865 -0.059588 0.998221
546.222137 47.447901 -5.598235 0.093261 -0.000859 0.001902 -0.059567 0.998222
546.272137 47.497280 -5.601703 0.095642 -0.000848 0.001983 -0.059477 0.998227
546.422137 47.671061 -5.621054 0.092568 -0.000810 0.001976 -0.059498 0.998226
546.522137 47.788305 -5.642765 0.096829 -0.000901 0.001907 -0.059502 0.998226
546.672137 47.983550 -5.660338 0.098381 -0.000818 0.002060 -0.059656 0.998217
546.772137 48.122726 -5.680119 0.094080 -0.000832 0.002117 -0.059569 0.998222
546.922137 48.353685 -5.703421 0.097016 -0.000791 0.002107 -0.059110 0.998249
547.022137 48.500975 -5.723155 0.100218 -0.000828 0.002007 -0.059083 0.998251
547.172137 48.744536 -5.745409 0.099938 -0.000837 0.002007 -0.059497 0.998226
547.322137 49.007076 -5.773167 0.097419 -0.000813 0.002012 -0.059093 0.998250
547.422137 49.179098 -5.798391 0.099350 -0.000842 0.001993 -0.059048 0.998253
547.572137 49.461070 -5.837284 0.097768 -0.000858 0.002099 -0.059444 0.998229
547.722137 49.758730 -5.871883 0.099447 -0.000850 0.002140 -0.059036 0.998253
547.822137 49.961691 -5.901526 0.099555 -0.000837 0.002196 -0.059056 0.998252
547.972137 50.262993 -5.937783 0.098124 -0.000823 0.002205 -0.059321 0.998236
548.072137 50.479442 -5.955508 0.098088 -0.000828 0.002207 -0.059254 0.998240
548.222137 50.809324 -5.996702 0.097809 -0.000780 0.002138 -0.058990 0.998256
548.422137 51.284299 -6.057189 0.099801 -0.000893 0.001853 -0.059136 0.998248
548.572137 51.634296 -6.089644 0.095946 -0.000883 0.001706 -0.059282 0.998239
548.672137 51.854023 -6.118338 0.101938 -0.000846 0.001661 -0.059730 0.998213
548.822137 52.202467 -6.160683 0.102995 -0.000658 0.001571 -0.061257 0.998121
548.972137 52.542530 -6.216431 0.105676 -0.000334 0.001795 -0.064986 0.997884
549.072137 52.780669 -6.258227 0.106350 -0.000201 0.001971 -0.068799 0.997629
549.222137 53.150380 -6.313675 0.107881 0.000732 0.002061 -0.077004 0.997028
549.322137 53.395080 -6.377593 0.110301 0.001326 0.002071 -0.084555 0.996416
549.422137 53.654325 -6.436342 0.111362 0.002103 0.002022 -0.094358 0.995534
549.522137 53.917030 -6.503329 0.112176 0.003074 0.001992 -0.105745 0.994387
549.722137 54.442946 -6.663109 0.111435 0.004616 0.001764 -0.132655 0.991150
549.822137 54.714479 -6.749830 0.112595 0.004938 0.001471 -0.147490 0.989050
549.972137 55.117528 -6.916756 0.114013 0.005606 0.001364 -0.170808 0.985287
550.072137 55.385325 -7.039994 0.117062 0.006057 0.000981 -0.187074 0.982327
550.222137 55.796968 -7.237831 0.117294 0.006316 0.000752 -0.211265 0.977408
550.372137 56.199264 -7.461672 0.120286 0.006707 0.000353 -0.236086 0.971709
550.472137 56.467183 -7.606628 0.118257 0.006444 -0.000242 -0.251785 0.967762
550.622137 56.859383 -7.854094 0.119174 0.006000 -0.000657 -0.274149 0.961668
550.772137 57.223759 -8.116132 0.117412 0.005977 -0.000871 -0.295984 0.955174
550.822137 57.346645 -8.198336 0.118637 0.005717 -0.000902 -0.302929 0.952995
551.122137 58.039698 -8.801019 0.121169 0.006745 -0.000993 -0.348382 0.937328
551.272137 58.366564 -9.159930 0.124849 0.007982 -0.001484 -0.374557 0.927169
551.372137 58.580010 -9.400552 0.125334 0.008869 -0.002027 -0.393870 0.919121
551.522137 58.882934 -9.789010 0.126867 0.009805 -0.002834 -0.424157 0.905531
551.672137 59.174341 -10.202699 0.127827 0.010018 -0.003225 -0.453864 0.891009
551.772137 59.357315 -10.502748 0.129176 0.010321 -0.003548 -0.473458 0.880749
551.922137 59.597406 -10.957931 0.130729 0.011283 -0.004649 -0.504295 0.863445
552.022137 59.747530 -11.284115 0.129733 0.011340 -0.004960 -0.524517 0.851310
552.172137 59.938258 -11.784378 0.132233 0.011674 -0.005987 -0.555344 0.831518
552.272137 60.054132 -12.128980 0.131643 0.011456 -0.006024 -0.574570 0.818353
552.422137 60.189223 -12.657015 0.134392 0.011325 -0.006825 -0.603497 0.797255
552.572137 60.293126 -13.176436 0.137268 0.010563 -0.007304 -0.629875 0.776590
552.722137 60.376525 -13.709560 0.139272 0.008747 -0.006580 -0.651433 0.758627
552.872137 60.431511 -14.245510 0.140738 0.007677 -0.006022 -0.669888 0.742398
552.972137 60.452580 -14.602700 0.140678 0.006998 -0.005668 -0.680880 0.732340
553.122137 60.466681 -15.126436 0.143509 0.006787 -0.005070 -0.696180 0.717818
553.272137 60.453372 -15.664465 0.144277 0.007181 -0.004797 -0.711142 0.702996
553.422137 60.418261 -16.205397 0.145320 0.007300 -0.004782 -0.725611 0.688050
553.522137 60.382796 -16.589816 0.146909 0.006996 -0.004546 -0.734186 0.678897
553.622137 60.346136 -16.973545 0.148991 0.006470 -0.003986 -0.741398 0.671022
553.922137 60.210576 -18.168538 0.153613 0.003078 -0.000546 -0.750761 0.660566
554.072137 60.135275 -18.761799 0.156085 0.002317 0.000088 -0.751160 0.660116
554.172137 60.089246 -19.155620 0.158534 0.001603 0.000401 -0.750644 0.660705
554.322137 60.015396 -19.747960 0.159643 0.001347 0.000471 -0.749816 0.661645
554.522137 59.941492 -20.358891 0.160930 0.001458 0.000226 -0.749153 0.662396
554.572137 59.894769 -20.738479 0.163282 0.001185 0.000273 -0.748548 0.663080
554.722137 59.827885 -21.303220 0.164963 0.000997 0.000170 -0.747746 0.663984
554.822137 59.781101 -21.725155 0.166937 0.000810 0.000339 -0.746961 0.664867
554.972137 59.714836 -22.286040 0.168048 0.000898 0.000053 -0.746038 0.665902
555.122137 59.655923 -22.849616 0.170723 0.001018 0.000351 -0.745293 0.666736
555.272137 59.587828 -23.460476 0.173032 0.001463 0.000714 -0.744409 0.667722
555.422137 59.518681 -24.060189 0.175264 0.001915 0.000503 -0.744627 0.667478
555.572137 59.446706 -24.678275 0.179101 0.001995 0.000417 -0.745129 0.666917
555.672137 59.403939 -25.073373 0.180907 0.001770 0.000451 -0.745352 0.666668
555.822137 59.336775 -25.676002 0.180429 0.001809 0.000065 -0.745995 0.665949
555.922137 59.290411 -26.091131 0.182536 0.001735 0.000090 -0.746291 0.665617
556.072137 59.222082 -26.689449 0.185461 0.001566 0.000123 -0.746260 0.665652
556.172137 59.173772 -27.119840 0.186482 0.001407 0.000355 -0.746142 0.665785
556.322137 59.106505 -27.717789 0.188475 0.001343 0.000303 -0.745972 0.665976
556.422137 59.056935 -28.138463 0.188778 0.001359 0.000177 -0.745729 0.666248
556.672137 58.943307 -29.133018 0.191820 0.001255 0.000049 -0.745834 0.666131
556.772137 58.896862 -29.551687 0.192653 0.001010 0.000150 -0.745558 0.666440
556.922137 58.829572 -30.146569 0.194029 0.001131 -0.000002 -0.745261 0.666772
557.072137 58.764535 -30.738795 0.196526 0.000810 0.000001 -0.744904 0.667172
557.172137 58.721495 -31.125670 0.197718 0.001070 0.000197 -0.744732 0.667363
557.322137 58.656100 -31.722590 0.200848 0.001554 0.000479 -0.744699 0.667399
557.422137 58.613154 -32.120081 0.203097 0.001693 0.000583 -0.744914 0.667158
557.572137 58.543465 -32.739260 0.204065 0.001749 0.000384 -0.745251 0.666782
557.722137 58.474475 -33.361785 0.205366 0.001745 0.000185 -0.745649 0.666337
557.822137 58.430745 -33.762197 0.205128 0.001449 0.000243 -0.745819 0.666147
557.972137 58.358681 -34.396337 0.208855 0.001363 0.000198 -0.745993 0.665952
558.072137 58.312263 -34.801618 0.210751 0.001542 -0.000005 -0.746160 0.665765
558.172137 58.266671 -35.204386 0.212680 0.001382 0.000154 -0.746304 0.665604
558.322137 58.192598 -35.833397 0.214809 0.001408 0.000121 -0.746449 0.665441
558.472137 58.123325 -36.444109 0.215166 0.001278 0.000255 -0.746545 0.665333
558.622137 58.051267 -37.068547 0.216258 0.001330 0.000132 -0.746574 0.665302
558.772137 57.981408 -37.695371 0.217089 0.001469 -0.000021 -0.746716 0.665141
558.872137 57.931749 -38.113463 0.220038 0.001422 -0.000063 -0.746726 0.665130
559.022137 57.862258 -38.721416 0.220448 0.001449 -0.000014 -0.746778 0.665071
559.122137 57.813408 -39.136928 0.221550 0.001401 0.000096 -0.746791 0.665058
559.422137 57.669631 -40.364770 0.229018 0.001326 0.000036 -0.746887 0.664949
559.522137 57.620621 -40.774713 0.229504 0.001371 0.000064 -0.746900 0.664935
559.672137 57.547997 -41.401127 0.231072 0.001379 0.000111 -0.746900 0.664935
559.822137 57.476510 -42.027835 0.234253 0.001288 0.000047 -0.746998 0.664825
559.922137 57.427553 -42.433442 0.236041 0.001315 0.000031 -0.747035 0.664783
560.022137 57.380311 -42.847776 0.235945 0.001399 -0.000036 -0.747098 0.664713
560.172137 57.307891 -43.472917 0.237067 0.001389 -0.000048 -0.747129 0.664678
560.372137 57.212191 -44.292624 0.241221 0.001307 -0.000055 -0.747168 0.664634
560.472137 57.161584 -44.709567 0.241821 0.001331 0.000012 -0.747248 0.664544
560.622137 57.089183 -45.328722 0.243844 0.001351 0.000003 -0.747306 0.664479
560.772137 57.017859 -45.944752 0.246749 0.001417 -0.000108 -0.747390 0.664384
560.872137 56.969108 -46.360108 0.246858 0.001402 -0.000011 -0.747398 0.664375
560.972137 56.919789 -46.771321 0.248374 0.001362 0.000033 -0.747428 0.664341
561.122137 56.848938 -47.392779 0.250493 0.001348 -0.000003 -0.747530 0.664227
561.272137 56.775296 -48.007794 0.254102 0.001304 -0.000040 -0.747603 0.664144
561.422137 56.701680 -48.621374 0.256382 0.001303 0.000017 -0.747623 0.664122
561.572137 56.631436 -49.218765 0.261061 -0.002618 -0.002684 -0.747641 0.664093
561.722137 56.535493 -49.880965 0.269434 0.004640 -0.001050 -0.747977 0.663708
561.822137 56.494678 -50.328489 0.265903 0.004403 0.001276 -0.747813 0.663894
561.922137 56.465497 -50.718264 0.257976 0.000718 0.001851 -0.747777 0.663947
562.222137 56.310143 -51.931031 0.265063 0.001155 0.000082 -0.747880 0.663833
562.322137 56.257770 -52.350613 0.267026 0.001266 0.000060 -0.747901 0.663809
562.472137 56.186030 -52.961341 0.272196 0.001142 0.000228 -0.747949 0.663755
562.622137 56.112725 -53.574228 0.274440 0.001169 0.000191 -0.747984 0.663715
562.772137 56.036044 -54.190550 0.274112 0.001196 0.000132 -0.747989 0.663710
562.872137 55.988279 -54.603202 0.277851 0.001121 0.000267 -0.748039 0.663654
563.022137 55.912990 -55.219289 0.279579 0.001127 0.000246 -0.748072 0.663617
563.172137 55.837312 -55.845676 0.285190 0.001100 0.000273 -0.748123 0.663559
563.322137 55.764204 -56.456123 0.286972 0.001072 0.000305 -0.748185 0.663489
563.422137 55.714680 -56.871933 0.286149 0.001192 0.000156 -0.748206 0.663466
563.572137 55.639645 -57.494123 0.291345 0.001018 0.000314 -0.748233 0.663436
563.722137 55.567633 -58.119695 0.291659 0.001110 0.000183 -0.748279 0.663383
563.772137 55.543034 -58.313802 0.293944 0.001117 0.000194 -0.748318 0.663339
563.922137 55.467706 -58.936903 0.295058 0.001171 0.000102 -0.748329 0.663327
564.122137 55.369445 -59.751510 0.294595 0.001215 0.000039 -0.748409 0.663236
564.272137 55.295851 -60.373956 0.299028 0.001203 0.000137 -0.748461 0.663178
564.372137 55.244192 -60.784488 0.299494 0.001150 0.000123 -0.748489 0.663146
564.472137 55.195431 -61.200122 0.301132 0.001208 0.000100 -0.748500 0.663133
564.622137 55.123059 -61.810100 0.303432 0.001195 0.000114 -0.748534 0.663095
564.722137 55.072635 -62.222496 0.304910 0.001151 0.000101 -0.748562 0.663064
565.022137 54.963744 -63.067038 0.311677 -0.013027 -0.011940 -0.748353 0.663066
565.172137 54.953018 -63.168679 0.313368 -0.010586 -0.010118 -0.748219 0.663291
565.372137 54.948836 -63.241401 0.306724 -0.003568 -0.004129 -0.748260 0.663383
565.472137 54.947376 -63.248450 0.309041 -0.000617 -0.001087 -0.748228 0.663441
565.572137 54.948701 -63.234996 0.309372 0.000281 -0.000360 -0.748291 0.663370
565.672137 54.947673 -63.253770 0.309983 0.000700 -0.000171 -0.748245 0.663422
565.822137 54.948200 -63.258947 0.310269 0.000949 -0.000156 -0.748233 0.663435
565.972137 54.947510 -63.264653 0.309888 0.000958 -0.000035 -0.748209 0.663462
566.072137 54.948724 -63.259328 0.309720 0.000991 0.000018 -0.748243 0.663424
566.222137 54.947045 -63.265291 0.310987 0.000989 0.000016 -0.748232 0.663437
566.372137 54.947458 -63.264895 0.309820 0.000978 -0.000040 -0.748232 0.663437
566.472137 54.947646 -63.265074 0.311623 0.000989 -0.000002 -0.748258 0.663407
566.622137 54.948084 -63.266987 0.308946 0.001001 -0.000057 -0.748249 0.663417
566.772137 54.947780 -63.272943 0.309934 0.000961 -0.000044 -0.748218 0.663452
566.922137 54.948927 -63.272781 0.310367 0.000961 -0.000042 -0.748225 0.663444
567.072137 54.949192 -63.268980 0.310236 0.000961 -0.000072 -0.748245 0.663422
567.222137 54.950115 -63.266574 0.310897 0.000991 -0.000028 -0.748241 0.663426
567.322137 54.949390 -63.274796 0.310080 0.001002 -0.000079 -0.748233 0.663436
567.472137 54.949493 -63.267287 0.310866 0.000984 -0.000071 -0.748240 0.663428
567.572137 54.949399 -63.265605 0.310461 0.000963 -0.000059 -0.748242 0.663425
567.872137 54.950204 -63.268513 0.309838 0.000978 -0.000051 -0.748248 0.663418
567.972137 54.950483 -63.265631 0.310240 0.000936 -0.000041 -0.748251 0.663415
568.072137 54.950832 -63.270602 0.310245 0.000972 -0.000085 -0.748251 0.663415
568.222137 54.950402 -63.270457 0.310060 0.000960 -0.000047 -0.748216 0.663455
568.322137 54.950275 -63.268765 0.311753 0.000952 -0.000029 -0.748248 0.663419
568.472137 54.950616 -63.270491 0.310956 0.000952 -0.000032 -0.748241 0.663426
568.622137 54.950155 -63.270148 0.310735 0.000935 -0.000054 -0.748237 0.663431
568.772137 54.950357 -63.270498 0.311031 0.000934 -0.000026 -0.748251 0.663415
568.922137 54.951999 -63.271187 0.311098 0.000970 -0.000031 -0.748262 0.663403
569.072137 54.950312 -63.267115 0.310922 0.000936 -0.000029 -0.748255 0.663411
569.222137 54.949173 -63.271775 0.310868 0.000933 -0.000068 -0.748234 0.663434
569.372137 54.950367 -63.277194 0.311487 0.000933 -0.000052 -0.748251 0.663415
569.472137 54.950150 -63.270610 0.311560 0.000902 -0.000020 -0.748251 0.663415
569.572137 54.951479 -63.270339 0.311103 0.000937 -0.000063 -0.748237 0.663431
569.722137 54.949924 -63.271447 0.311367 0.000951 -0.000040 -0.748246 0.663421
569.872137 54.949917 -63.270183 0.310648 0.000914 -0.000041 -0.748242 0.663425
570.022137 54.950027 -63.271898 0.311044 0.000940 -0.000049 -0.748246 0.663421
570.172137 54.951318 -63.267335 0.311255 0.000933 -0.000044 -0.748264 0.663400
570.272137 54.949929 -63.267166 0.312105 0.000908 -0.000010 -0.748233 0.663436
570.422137 54.948823 -63.277717 0.311256 0.000942 -0.000041 -0.748240 0.663428
570.622137 54.950112 -63.270778 0.311252 0.000915 -0.000032 -0.748237 0.663431
570.822137 54.949226 -63.269732 0.311179 0.000941 -0.000035 -0.748246 0.663420
570.972137 54.949261 -63.270121 0.311287 0.000910 -0.000033 -0.748242 0.663425
571.072137 54.948903 -63.269121 0.310727 0.000949 -0.000046 -0.748244 0.663422
571.222137 54.949936 -63.274749 0.311379 0.000910 -0.000031 -0.748244 0.663423
571.372137 54.949731 -63.273935 0.311903 0.000926 -0.000043 -0.748240 0.663427
571.472137 54.949734 -63.274051 0.312561 0.000921 -0.000005 -0.748243 0.663425
571.622137 54.949356 -63.274304 0.311557 0.000937 -0.000035 -0.748253 0.663413
571.772137 54.950461 -63.273744 0.311122 0.000937 -0.000035 -0.748228 0.663441
571.922137 54.948525 -63.273160 0.311723 0.000913 -0.000054 -0.748242 0.663425
572.072137 54.950075 -63.270909 0.312265 0.000932 -0.000037 -0.748246 0.663421
572.222137 54.950394 -63.267996 0.312739 0.000918 -0.000036 -0.748259 0.663406
572.322137 54.949308 -63.273508 0.312282 0.000937 -0.000012 -0.748240 0.663427
572.472137 54.948388 -63.273074 0.311415 0.000930 -0.000053 -0.748242 0.663426
572.572137 54.949575 -63.271849 0.311627 0.000945 -0.000038 -0.748253 0.663413
572.722137 54.948535 -63.271768 0.311422 0.000943 -0.000038 -0.748237 0.663431
572.872137 54.949651 -63.273442 0.312893 0.000927 0.000000 -0.748240 0.663427
573.022137 54.950136 -63.271335 0.311620 0.000901 -0.000031 -0.748258 0.663408
573.122137 54.949572 -63.269402 0.311709 0.000925 -0.000023 -0.748244 0.663423
573.272137 54.950193 -63.267984 0.312268 0.000942 -0.000052 -0.748250 0.663416
573.522137 54.949316 -63.268187 0.312049 0.000943 -0.000041 -0.748253 0.663413
573.672137 54.949970 -63.269071 0.312571 0.000923 -0.000008 -0.748251 0.663415
573.822137 54.950294 -63.267326 0.312325 0.000895 -0.000016 -0.748261 0.663404
573.922137 54.949377 -63.267353 0.312867 0.000937 -0.000013 -0.748265 0.663399
574.022137 54.949755 -63.266453 0.312211 0.000914 -0.000010 -0.748253 0.663413
574.172137 54.949047 -63.268525 0.312529 0.000923 -0.000003 -0.748262 0.663403
574.322137 54.949354 -63.266970 0.311785 0.000923 -0.000038 -0.748259 0.663406
574.472137 54.949551 -63.268448 0.311675 0.000915 -0.000045 -0.748254 0.663412
574.622137 54.950408 -63.266430 0.311949 0.000927 -0.000030 -0.748254 0.663412
574.672137 54.949279 -63.268724 0.312728 0.000925 -0.000021 -0.748261 0.663404
574.822137 54.949924 -63.269222 0.312300 0.000905 -0.000026 -0.748248 0.663419
575.022137 54.948853 -63.299861 0.311528 0.001054 0.000061 -0.748208 0.663463
575.122137 54.945074 -63.309069 0.313022 0.001180 0.000146 -0.748365 0.663286
575.272137 54.942328 -63.346417 0.313088 0.001395 0.000440 -0.748006 0.663690
575.422137 54.937354 -63.380151 0.312036 0.001438 0.000441 -0.748077 0.663610
575.572137 54.933502 -63.433901 0.311792 0.001470 0.000585 -0.748355 0.663297
575.722137 54.922206 -63.489729 0.313012 0.001544 0.000522 -0.748046 0.663645
575.822137 54.917137 -63.543571 0.314069 0.001604 0.000498 -0.747911 0.663797
575.972137 54.906804 -63.626077 0.313880 0.001490 0.000444 -0.747756 0.663972
576.122137 54.890557 -63.770790 0.312485 0.001607 0.000397 -0.747493 0.664268
576.372137 54.864174 -63.994843 0.312403 0.001510 0.000525 -0.747049 0.664767
576.522137 54.843928 -64.152330 0.313822 0.001517 0.000527 -0.746763 0.665088
576.622137 54.830737 -64.260532 0.312764 0.001482 0.000580 -0.746561 0.665315
576.772137 54.811123 -64.450021 0.314693 0.001474 0.000496 -0.746328 0.665577
576.922137 54.788337 -64.660363 0.314476 0.001366 0.000533 -0.745670 0.666314
577.072137 54.765314 -64.881733 0.315343 0.001419 0.000569 -0.745694 0.666286
577.222137 54.742414 -65.092438 0.317482 0.001453 0.000568 -0.745096 0.666955
577.372137 54.714320 -65.339052 0.318772 0.001440 0.000532 -0.745087 0.666965
577.522137 54.687619 -65.596327 0.319205 0.001416 0.000602 -0.744545 0.667570
577.672137 54.658586 -65.872198 0.320149 0.001386 0.000600 -0.744516 0.667603
577.822137 54.629183 -66.169522 0.320485 0.001385 0.000531 -0.743958 0.668225
577.972137 54.596313 -66.467478 0.320810 0.001402 0.000595 -0.743897 0.668292
578.122137 54.562426 -66.770495 0.324109 0.001382 0.000588 -0.743401 0.668844
578.222137 54.538326 -66.984578 0.323946 0.001313 0.000536 -0.743208 0.669059
578.372137 54.506767 -67.312604 0.326217 0.001413 0.000573 -0.743113 0.669165
578.522137 54.471773 -67.667414 0.326754 0.001305 0.000641 -0.742684 0.669641
578.672137 54.434166 -68.002286 0.328868 0.001089 0.000356 -0.742554 0.669785
578.772137 54.409574 -68.246028 0.328365 0.000931 0.000347 -0.742480 0.669867
578.922137 54.375571 -68.590264 0.329757 0.000834 0.000127 -0.742439 0.669913
579.072137 54.340564 -68.930029 0.331227 0.000903 0.000191 -0.742534 0.669807
579.372137 54.273361 -69.518894 0.333782 0.001302 0.000554 -0.742883 0.669420
579.422137 54.246289 -69.765087 0.334313 0.001282 0.000486 -0.743167 0.669104
579.622137 54.190582 -70.282818 0.337206 0.001418 0.000533 -0.743798 0.668402
579.772137 54.146921 -70.678472 0.339640 0.001489 0.000613 -0.744439 0.667688
579.922137 54.099882 -71.082338 0.341064 0.001468 0.000574 -0.745063 0.666993
580.072137 54.048631 -71.512484 0.341522 0.001487 0.000620 -0.745760 0.666213
580.172137 54.017371 -71.798053 0.343872 0.001550 0.000550 -0.746243 0.665672
580.322137 53.964919 -72.244705 0.344864 0.001499 0.000531 -0.746919 0.664913
580.522137 53.888063 -72.858732 0.348537 0.001517 0.000539 -0.747826 0.663892
580.622137 53.843070 -73.161124 0.348859 0.001834 0.000276 -0.748275 0.663386
580.772137 53.779841 -73.624350 0.350128 0.003357 0.000303 -0.748904 0.662670
580.972137 53.707217 -74.236756 0.350531 0.002865 0.000605 -0.749647 0.661831
581.122138 53.661726 -74.571368 0.350369 0.002240 -0.000776 -0.749974 0.661463
581.272138 53.608795 -75.151023 0.351514 0.000849 0.000200 -0.750596 0.660761
581.422138 53.542741 -75.612096 0.353441 0.001225 0.000483 -0.751032 0.660265
581.522138 53.503653 -75.928642 0.354569 0.001363 0.000456 -0.751333 0.659922
581.672138 53.437464 -76.411344 0.357593 0.001386 0.000430 -0.751674 0.659533
581.772138 53.394561 -76.751806 0.357250 0.001408 0.000493 -0.751911 0.659263
581.922138 53.327672 -77.270957 0.358309 0.001468 0.000457 -0.752211 0.658920
582.022138 53.280863 -77.618656 0.361246 0.001442 0.000467 -0.752420 0.658681
582.272138 53.160602 -78.515985 0.364152 0.001313 0.000298 -0.752833 0.658210
582.372138 53.114082 -78.868508 0.365735 0.001278 0.000294 -0.753003 0.658016
582.522138 53.040353 -79.420033 0.367564 0.001220 0.000235 -0.753228 0.657758
582.622138 52.986678 -79.786245 0.369194 0.001147 0.000179 -0.753384 0.657580
582.772138 52.913409 -80.332001 0.369894 0.000869 0.000026 -0.753637 0.657290
582.872138 52.864391 -80.685522 0.370704 0.000813 0.000004 -0.753779 0.657128
583.022138 52.792829 -81.227480 0.374582 0.000722 -0.000069 -0.753931 0.656953
583.122138 52.743815 -81.588763 0.373221 0.000669 -0.000053 -0.754032 0.656837
583.272138 52.669606 -82.109695 0.375879 0.000739 -0.000019 -0.754113 0.656744
583.372138 52.618588 -82.464624 0.378213 0.000911 0.000205 -0.754156 0.656695
583.522138 52.544481 -83.015034 0.380195 0.001171 0.000484 -0.754118 0.656738
583.622138 52.495253 -83.380008 0.381208 0.001248 0.000524 -0.754082 0.656778
583.722138 52.440024 -83.747415 0.382314 0.001327 0.000622 -0.754002 0.656871
583.872138 52.366434 -84.333303 0.386409 0.001323 0.000550 -0.753804 0.657097
584.022138 52.280929 -84.912045 0.387171 0.001325 0.000721 -0.753526 0.657417
584.122138 52.257100 -85.115864 0.387484 0.001299 0.000652 -0.753406 0.657554
584.222138 52.152773 -85.721405 0.390874 0.003159 -0.000212 -0.753226 0.657754
584.372138 52.060824 -86.325306 0.394337 0.004189 -0.000937 -0.752797 0.658239
584.522138 51.971504 -86.945349 0.395911 0.005043 -0.003096 -0.752331 0.658758
584.622138 51.928831 -87.341827 0.395711 0.004273 -0.001776 -0.752055 0.659084
584.872138 51.825854 -88.332926 0.395182 0.001220 -0.000448 -0.751156 0.660124
585.022138 51.746148 -88.920228 0.397782 0.001452 -0.000835 -0.750661 0.660686
585.122138 51.694394 -89.304454 0.399491 0.001499 -0.000924 -0.750373 0.661012
585.222138 51.645163 -89.686993 0.399972 0.001470 -0.001210 -0.750114 0.661306
585.372138 51.573956 -90.272970 0.400945 0.001876 -0.000803 -0.749677 0.661801
585.522138 51.494502 -90.865652 0.405452 0.002207 -0.000547 -0.749284 0.662244
585.672138 51.441393 -91.461833 0.408149 -0.000609 -0.000695 -0.748893 0.662690
585.772138 51.384825 -91.856154 0.412890 -0.001674 -0.002760 -0.748646 0.662962
585.922138 51.326925 -92.478816 0.415650 -0.000589 0.000695 -0.748353 0.663301
586.022138 51.263691 -92.903347 0.421252 0.001070 0.000714 -0.748192 0.663481
586.172138 51.188344 -93.511172 0.424976 0.000980 0.000448 -0.747942 0.663763
586.322138 51.118479 -94.114378 0.425100 0.000913 0.000233 -0.747737 0.663994
586.422138 51.067752 -94.519615 0.428335 0.000911 0.000116 -0.747619 0.664127
586.522138 51.020893 -94.931050 0.428068 0.000855 0.000228 -0.747513 0.664247
586.672138 50.947280 -95.548370 0.430354 0.000863 0.000066 -0.747360 0.664419
586.772138 50.898787 -95.953319 0.431139 0.000799 0.000018 -0.747265 0.664526
586.872138 50.851957 -96.344936 0.432324 0.000744 -0.000023 -0.747149 0.664656
587.022138 50.781298 -96.956856 0.433083 0.000700 -0.000165 -0.747001 0.664822
587.172138 50.715478 -97.549068 0.435971 0.000534 -0.000066 -0.746885 0.664953
587.272138 50.668251 -97.935791 0.435281 0.000321 -0.000095 -0.746786 0.665065
587.572138 50.530376 -99.123228 0.443578 0.001173 0.000392 -0.746550 0.665328
587.722138 50.460995 -99.737796 0.444551 0.001254 0.000459 -0.746454 0.665436
587.822138 50.417584 -100.146173 0.443517 0.001219 0.000425 -0.746413 0.665482
587.972138 50.340620 -100.762379 0.447348 0.001117 0.000285 -0.746399 0.665497
588.072138 50.293730 -101.168143 0.450036 0.001058 0.000232 -0.746423 0.665470
588.222138 50.223894 -101.788732 0.450335 0.001036 0.000076 -0.746505 0.665379
588.322138 50.174523 -102.202731 0.451515 0.000925 0.000146 -0.746565 0.665312
588.472138 50.104588 -102.817804 0.455533 0.000971 -0.000020 -0.746737 0.665118
588.572138 50.056687 -103.227204 0.459024 0.000964 0.000064 -0.746837 0.665006
588.672138 50.008576 -103.631066 0.460371 0.000940 -0.000023 -0.747029 0.664791
588.872138 49.912835 -104.464200 0.459991 0.000920 0.000060 -0.747370 0.664408
588.972138 49.861202 -104.877791 0.463135 0.000987 -0.000058 -0.747573 0.664179
589.072138 49.811861 -105.284482 0.466034 0.000929 -0.000017 -0.747770 0.663958
589.222138 49.736914 -105.911548 0.468276 0.000983 0.000004 -0.748094 0.663592
589.372138 49.663546 -106.527953 0.470968 0.000978 -0.000010 -0.748411 0.663234
589.522138 49.588690 -107.144114 0.476459 0.000905 -0.000065 -0.748743 0.662860
589.622138 49.535271 -107.556570 0.476588 0.000934 -0.000001 -0.748981 0.662590
589.722138 49.486625 -107.976621 0.478331 0.000973 0.000007 -0.749191 0.662353
589.872138 49.408379 -108.591766 0.479385 0.000960 -0.000022 -0.749505 0.661998
590.022138 49.330490 -109.210733 0.480511 0.000998 -0.000058 -0.749830 0.661630
590.272138 49.201576 -110.244661 0.486453 0.000997 -0.000077 -0.750299 0.661098
590.422138 49.123304 -110.868155 0.489628 0.000877 0.000019 -0.750549 0.660814
590.572138 49.045809 -111.482782 0.492063 0.000934 -0.000069 -0.750780 0.660552
590.672138 48.989374 -111.891466 0.494812 0.000901 0.000013 -0.750933 0.660378
590.822138 48.931501 -112.329380 0.495617 0.000883 0.000141 -0.751071 0.660221
590.972138 48.829197 -113.136477 0.498220 0.000987 -0.000032 -0.751309 0.659950
591.072138 48.773515 -113.544000 0.499414 0.000906 -0.000057 -0.751427 0.659816
591.222138 48.693767 -114.160983 0.501655 0.000895 -0.000046 -0.751605 0.659613
591.322138 48.640017 -114.575875 0.504210 0.000897 -0.000038 -0.751707 0.659497
591.472138 48.556507 -115.198691 0.505154 0.000985 -0.000115 -0.751840 0.659345
591.622138 48.477253 -115.813633 0.509373 0.000894 0.000035 -0.752006 0.659156
591.772138 48.393252 -116.429618 0.512494 0.000878 0.000001 -0.752116 0.659030
591.922138 48.309666 -117.057116 0.512098 0.000918 -0.000085 -0.752262 0.658863
592.022138 48.256642 -117.463970 0.515424 0.000906 -0.000061 -0.752354 0.658759
592.172138 48.172637 -118.081137 0.518516 0.000891 0.000025 -0.752460 0.658637
592.322138 48.089555 -118.705830 0.520537 0.000816 0.000070 -0.752575 0.658507
592.422138 48.036089 -119.112027 0.523311 0.000788 0.000116 -0.752643 0.658428
592.572138 47.925197 -119.736344 0.532379 0.001766 -0.004043 -0.752690 0.658360
592.722138 47.835822 -120.354676 0.540999 0.002924 -0.004578 -0.752725 0.658313
592.822138 47.765909 -120.770396 0.542964 0.005449 -0.005536 -0.752725 0.658290
593.122138 47.615464 -122.015395 0.543039 0.005041 -0.002550 -0.752516 0.658550
593.272138 47.542977 -122.640165 0.543418 0.004518 -0.001039 -0.752430 0.658655
593.372138 47.511923 -123.051222 0.538589 0.000812 0.000332 -0.752288 0.658833
593.522138 47.429597 -123.665894 0.538351 0.000195 0.000410 -0.752140 0.659004
593.672138 47.344161 -124.284048 0.543678 0.000659 0.000066 -0.751908 0.659268
593.772138 47.289578 -124.695210 0.545849 0.000712 0.000005 -0.751745 0.659454
593.922138 47.208957 -125.316198 0.545566 0.000859 -0.000039 -0.751501 0.659731
594.072138 47.130021 -125.928060 0.549960 0.000867 -0.000046 -0.751192 0.660083
594.172138 47.076886 -126.345512 0.550523 0.000832 0.000016 -0.751027 0.660271
594.222138 47.050904 -126.543795 0.552143 0.000781 0.000044 -0.750925 0.660386
594.322138 46.997757 -126.956943 0.552533 0.000839 0.000008 -0.750736 0.660601
594.422138 46.947345 -127.365243 0.555584 0.000716 0.000114 -0.750547 0.660817
594.472138 46.918588 -127.571478 0.557290 0.000763 0.000075 -0.750427 0.660953
594.572138 46.866761 -127.979505 0.558581 0.000760 0.000099 -0.750272 0.661129
594.672138 46.817671 -128.396201 0.556679 0.000859 -0.000006 -0.750076 0.661351
594.772138 46.790988 -128.600750 0.559425 0.000795 0.000020 -0.749996 0.661442
594.772138 46.767477 -128.797789 0.559970 0.000844 0.000065 -0.749926 0.661521
594.872138 46.716031 -129.216392 0.561735 0.000790 0.000044 -0.749725 0.661750
594.972138 46.664040 -129.637609 0.563598 0.000844 -0.000001 -0.749539 0.661959
595.072138 46.614272 -130.042988 0.563641 0.000831 0.000025 -0.749367 0.662154
595.322138 46.494872 -130.962847 0.570299 -0.006838 -0.006762 -0.749146 0.662335
595.472138 46.499592 -130.962847 0.567330 -0.015229 -0.014054 -0.749007 0.662238
595.472138 46.498981 -130.977872 0.569281 -0.013447 -0.012552 -0.749006 0.662308
595.522138 46.495249 -130.994635 0.572214 -0.010847 -0.010210 -0.748968 0.662438
595.622138 46.488698 -131.032061 0.570075 -0.005830 -0.005827 -0.749011 0.662507
595.722138 46.487754 -131.034335 0.571895 -0.002784 -0.002666 -0.748964 0.662600
595.822138 46.488944 -131.035166 0.570625 -0.000949 -0.001274 -0.748960 0.662613
595.922138 46.486131 -131.045901 0.569455 -0.000079 -0.000580 -0.748955 0.662621
596.022138 46.486471 -131.049227 0.570701 0.000308 -0.000372 -0.748934 0.662645
596.122138 46.485943 -131.055823 0.570872 0.000477 -0.000245 -0.748915 0.662666
596.172138 46.486883 -131.055373 0.570565 0.000549 -0.000239 -0.748911 0.662671
596.272138 46.487037 -131.058111 0.571076 0.000520 -0.000211 -0.748941 0.662636
596.372138 46.486456 -131.063797 0.571520 0.000620 -0.000200 -0.748923 0.662657
596.422138 46.485528 -131.060603 0.573402 0.000603 -0.000232 -0.748929 0.662650
596.522138 46.485568 -131.064234 0.572461 0.000619 -0.000191 -0.748935 0.662643
596.622138 46.486095 -131.065804 0.572266 0.000549 -0.000137 -0.748945 0.662632
596.722138 46.485092 -131.060360 0.572237 0.000569 -0.000146 -0.748942 0.662635
596.772138 46.486837 -131.064985 0.572280 0.000582 -0.000198 -0.748927 0.662652
596.872138 46.485251 -131.066793 0.571948 0.000551 -0.000147 -0.748936 0.662642
596.922138 46.484875 -131.061268 0.572830 0.000560 -0.000168 -0.748920 0.662660
597.172138 46.484474 -131.064380 0.571845 0.000595 -0.000191 -0.748929 0.662650
597.272138 46.485837 -131.064140 0.572122 0.000553 -0.000140 -0.748948 0.662628
597.372138 46.485700 -131.062699 0.571853 0.000558 -0.000202 -0.748942 0.662636
597.422138 46.484680 -131.062757 0.572177 0.000561 -0.000212 -0.748935 0.662643
597.522138 46.485205 -131.063175 0.570873 0.000570 -0.000230 -0.748939 0.662639
597.622138 46.485760 -131.061129 0.571481 0.000543 -0.000206 -0.748943 0.662635
597.722138 46.484429 -131.062934 0.573073 0.000502 -0.000163 -0.748930 0.662649
597.822138 46.484963 -131.063958 0.572764 0.000545 -0.000175 -0.748938 0.662640
597.922138 46.486659 -131.064950 0.572996 0.000553 -0.000176 -0.748941 0.662636
597.972138 46.486099 -131.062551 0.572767 0.000535 -0.000175 -0.748942 0.662635
598.072138 46.485841 -131.065107 0.572512 0.000556 -0.000199 -0.748950 0.662626
598.172138 46.485421 -131.064211 0.572737 0.000520 -0.000202 -0.748939 0.662639
598.222138 46.486604 -131.065478 0.571730 0.000573 -0.000197 -0.748950 0.662627
598.372138 46.485676 -131.063359 0.572070 0.000537 -0.000217 -0.748939 0.662639
598.422138 46.485888 -131.067352 0.571552 0.000556 -0.000216 -0.748940 0.662638
598.522138 46.485793 -131.066219 0.572891 0.000511 -0.000166 -0.748943 0.662635
598.572138 46.486201 -131.067636 0.572022 0.000527 -0.000201 -0.748936 0.662642
598.622138 46.486766 -131.062965 0.572339 0.000518 -0.000180 -0.748944 0.662633
598.722138 46.485748 -131.063170 0.571523 0.000555 -0.000198 -0.748941 0.662636
598.822138 46.485227 -131.065608 0.572224 0.000545 -0.000182 -0.748956 0.662620
599.072138 46.486624 -131.064376 0.571908 0.000534 -0.000158 -0.748946 0.662631
599.172138 46.487465 -131.063976 0.572754 0.000541 -0.000174 -0.748924 0.662655
599.272138 46.486392 -131.063405 0.572810 0.000551 -0.000176 -0.748958 0.662618
599.372138 46.485711 -131.065886 0.572869 0.000537 -0.000166 -0.748943 0.662635
599.422138 46.486710 -131.067120 0.572802 0.000560 -0.000173 -0.748944 0.662633
599.522138 46.487107 -131.065608 0.572928 0.000524 -0.000125 -0.748946 0.662630
599.622138 46.486762 -131.064352 0.572454 0.000562 -0.000186 -0.748947 0.662630
599.722138 46.486141 -131.065296 0.572693 0.000553 -0.000154 -0.748946 0.662631
599.772138 46.484761 -131.065027 0.573458 0.000522 -0.000120 -0.748934 0.662644
599.822138 46.484987 -131.068256 0.572958 0.000514 -0.000174 -0.748952 0.662624
599.922138 46.485697 -131.062395 0.573418 0.000506 -0.000104 -0.748955 0.662620
600.022138 46.485965 -131.065656 0.572931 0.000526 -0.000147 -0.748945 0.662632
600.122138 46.486299 -131.065547 0.573098 0.000509 -0.000120 -0.748947 0.662630
600.222138 46.486733 -131.064544 0.572029 0.000534 -0.000173 -0.748953 0.662623
600.322138 46.485954 -131.067051 0.573055 0.000510 -0.000110 -0.748946 0.662631
600.422138 46.487048 -131.063919 0.572747 0.000516 -0.000152 -0.748945 0.662632
600.472138 46.485491 -131.067368 0.572828 0.000534 -0.000146 -0.748942 0.662635
600.522138 46.485444 -131.065758 0.572921 0.000523 -0.000133 -0.748944 0.662633
600.622138 46.487498 -131.062227 0.572663 0.000569 -0.000187 -0.748948 0.662628
600.722138 46.486921 -131.064508 0.572557 0.000543 -0.000185 -0.748951 0.662625
600.972138 46.486567 -131.066046 0.572546 0.000525 -0.000157 -0.748953 0.662623
601.072138 46.487422 -131.065313 0.572903 0.000525 -0.000156 -0.748952 0.662624
601.172138 46.487297 -131.066352 0.573498 0.000520 -0.000115 -0.748938 0.662640
601.222138 46.487434 -131.063367 0.573256 0.000529 -0.000157 -0.748963 0.662612
601.322138 46.487930 -131.064349 0.572387 0.000524 -0.000166 -0.748955 0.662621
601.372138 46.488471 -131.064177 0.572634 0.000508 -0.000130 -0.748953 0.662622
601.472138 46.486868 -131.066327 0.572848 0.000503 -0.000150 -0.748951 0.662625
601.572138 46.487001 -131.064515 0.572963 0.000512 -0.000112 -0.748949 0.662627
601.672138 46.487077 -131.063307 0.572731 0.000557 -0.000193 -0.748968 0.662606
601.772138 46.487780 -131.063991 0.572054 0.000536 -0.000156 -0.748961 0.662614
601.822138 46.488320 -131.062092 0.573063 0.000515 -0.000145 -0.748958 0.662618
601.922138 46.487770 -131.062081 0.572426 0.000518 -0.000171 -0.748955 0.662620
602.022138 46.487287 -131.064202 0.572761 0.000506 -0.000150 -0.748945 0.662632
602.072138 46.487078 -131.061111 0.572701 0.000537 -0.000143 -0.748954 0.662621
602.172138 46.487028 -131.063110 0.572672 0.000514 -0.000120 -0.748963 0.662612
